6.292305141687393188e-02 1.199003960937261581e-02
6.306078284978866577e-02 1.242425292730331421e-02
6.262321025133132935e-02 1.267194095999002457e-02
5.872457846999168396e-02 1.545597985386848450e-02
6.292777508497238159e-02 1.257468294352293015e-02
6.292523443698883057e-02 1.211732346564531326e-02
6.302019208669662476e-02 1.234072353690862656e-02
6.304513663053512573e-02 1.204956602305173874e-02
6.292200833559036255e-02 1.218407321721315384e-02
6.309413164854049683e-02 1.240996085107326508e-02
6.312157958745956421e-02 1.197591517120599747e-02
6.324990093708038330e-02 1.249056681990623474e-02
6.299532949924468994e-02 1.233112812042236328e-02
6.270588934421539307e-02 1.301782391965389252e-02
6.292561441659927368e-02 1.231875829398632050e-02
6.299488991498947144e-02 1.233278308063745499e-02
6.316732615232467651e-02 1.174273341894149780e-02
6.312596052885055542e-02 1.180135551840066910e-02
6.311840564012527466e-02 1.205574627965688705e-02
6.312074512243270874e-02 1.154832635074853897e-02
6.315939128398895264e-02 1.155105046927928925e-02
6.317281723022460938e-02 1.174258626997470856e-02
6.277167052030563354e-02 1.146426331251859665e-02
6.275618821382522583e-02 1.168476231396198273e-02
6.308660656213760376e-02 1.126723736524581909e-02
6.292232125997543335e-02 1.142656058073043823e-02
6.293597072362899780e-02 1.117538381367921829e-02
6.270699203014373779e-02 1.157314889132976532e-02
6.264779716730117798e-02 1.158689148724079132e-02
6.286454200744628906e-02 1.137959770858287811e-02
6.244841963052749634e-02 1.158024184405803680e-02
6.260485947132110596e-02 1.134942006319761276e-02
6.257729977369308472e-02 1.159924641251564026e-02
6.259421259164810181e-02 1.138761546462774277e-02
6.276138126850128174e-02 1.155506260693073273e-02
6.225908547639846802e-02 1.219563558697700500e-02
6.274524331092834473e-02 1.179293170571327209e-02
6.246447563171386719e-02 1.205052249133586884e-02
6.262013316154479980e-02 1.193925272673368454e-02
6.263872236013412476e-02 1.214664801955223083e-02
6.250575184822082520e-02 1.162569504231214523e-02
6.233236938714981079e-02 1.187107246369123459e-02
6.242886558175086975e-02 1.172926183789968491e-02
6.256002932786941528e-02 1.188831124454736710e-02
6.259577721357345581e-02 1.146586798131465912e-02
6.272805482149124146e-02 1.151665765792131424e-02
6.261929124593734741e-02 1.190501358360052109e-02
6.260306388139724731e-02 1.228138990700244904e-02
6.270307302474975586e-02 1.261984650045633316e-02
6.257066875696182251e-02 1.219300739467144012e-02
6.280592083930969238e-02 1.185838971287012100e-02
6.291867047548294067e-02 1.265508309006690979e-02
6.306831538677215576e-02 1.223954930901527405e-02
6.282362341880798340e-02 1.249519549310207367e-02
6.288761645555496216e-02 1.241527497768402100e-02
6.299069523811340332e-02 1.224632840603590012e-02
6.277175247669219971e-02 1.229561120271682739e-02
6.283403187990188599e-02 1.219337806105613708e-02
6.281960010528564453e-02 1.258488092571496964e-02
6.284923106431961060e-02 1.230294443666934967e-02
6.298646330833435059e-02 1.229994744062423706e-02
6.231464445590972900e-02 1.304429676383733749e-02
6.269698590040206909e-02 1.216085813939571381e-02
6.276919692754745483e-02 1.211924664676189423e-02
6.285528093576431274e-02 1.236955262720584869e-02
6.303007900714874268e-02 1.258343085646629333e-02
6.301870197057723999e-02 1.302046049386262894e-02
6.301134079694747925e-02 1.275885943323373795e-02
6.288650631904602051e-02 1.250751968473196030e-02
6.312168389558792114e-02 1.258394680917263031e-02
6.309157609939575195e-02 1.240886468440294266e-02
6.321514397859573364e-02 1.241186447441577911e-02
6.288719922304153442e-02 1.217609085142612457e-02
6.333309412002563477e-02 1.223958190530538559e-02
6.319673359394073486e-02 1.187781803309917450e-02
6.324572116136550903e-02 1.187402196228504181e-02
6.316975504159927368e-02 1.193284709006547928e-02
6.304700672626495361e-02 1.189449615776538849e-02
6.320062279701232910e-02 1.204120740294456482e-02
6.301807612180709839e-02 1.196877006441354752e-02
6.312479823827743530e-02 1.180750504136085510e-02
6.295617669820785522e-02 1.193151064217090607e-02
6.294774264097213745e-02 1.179728191345930099e-02
6.261874735355377197e-02 1.210337877273559570e-02
6.278005987405776978e-02 1.195938047021627426e-02
6.287176162004470825e-02 1.170790195465087891e-02
6.277766078710556030e-02 1.191305369138717651e-02
6.282882392406463623e-02 1.175470184534788132e-02
6.240269541740417480e-02 1.191606745123863220e-02
6.276109814643859863e-02 1.186790131032466888e-02
6.263634562492370605e-02 1.200894080102443695e-02
6.290870159864425659e-02 1.166372373700141907e-02
6.278969347476959229e-02 1.167508028447628021e-02
6.260550767183303833e-02 1.185662113130092621e-02
6.253145635128021240e-02 1.199461612850427628e-02
6.271088123321533203e-02 1.197869889438152313e-02
6.272652745246887207e-02 1.188867446035146713e-02
6.273860484361648560e-02 1.200552005320787430e-02
6.286554038524627686e-02 1.192446891218423843e-02
6.285984814167022705e-02 1.176945306360721588e-02
6.254447251558303833e-02 1.227901503443717957e-02
6.247266754508018494e-02 1.183191407471895218e-02
6.242664903402328491e-02 1.190528739243745804e-02
6.318089365959167480e-02 1.123254932463169098e-02
6.264193356037139893e-02 1.139665022492408752e-02
6.229727715253829956e-02 1.221826206892728806e-02
6.267766654491424561e-02 1.196471601724624634e-02
6.167564541101455688e-02 1.271730754524469376e-02
6.125826016068458557e-02 1.303068827837705612e-02
6.106797233223915100e-02 1.318607199937105179e-02
5.951177328824996948e-02 1.461264863610267639e-02
5.970264971256256104e-02 1.455730479210615158e-02
5.972634255886077881e-02 1.452406123280525208e-02
5.677272751927375793e-02 1.689841225743293762e-02
5.219180509448051453e-02 2.064165472984313965e-02
4.957411810755729675e-02 2.268624678254127502e-02
4.789503291249275208e-02 2.390226721763610840e-02
4.592582210898399353e-02 2.538984641432762146e-02
4.379886761307716370e-02 2.681446634232997894e-02
4.369354993104934692e-02 2.689866162836551666e-02
4.087132588028907776e-02 2.896317094564437866e-02
3.950685635209083557e-02 2.981886640191078186e-02
3.863066434860229492e-02 3.044441714882850647e-02
3.986946865916252136e-02 2.961009368300437927e-02
3.980726376175880432e-02 2.963188663125038147e-02
3.910375759005546570e-02 3.004991635680198669e-02
4.003753885626792908e-02 2.938442677259445190e-02
4.035178199410438538e-02 2.921593934297561646e-02
4.260112345218658447e-02 2.780277281999588013e-02
4.419295489788055420e-02 2.660434879362583160e-02
4.353826493024826050e-02 2.710793167352676392e-02
4.420230537652969360e-02 2.672205865383148193e-02
4.204512760043144226e-02 2.816595882177352905e-02
4.092554748058319092e-02 2.898505516350269318e-02
4.217946529388427734e-02 2.813875488936901093e-02
3.971214592456817627e-02 2.986966259777545929e-02
4.083214700222015381e-02 2.891319431364536285e-02
4.266434162855148315e-02 2.761317789554595947e-02
4.222809150815010071e-02 2.794353663921356201e-02
4.120717570185661316e-02 2.877262793481349945e-02
4.225157201290130615e-02 2.810584381222724915e-02
4.096094891428947449e-02 2.872344106435775757e-02
4.357814788818359375e-02 2.692222595214843750e-02
4.238245263695716858e-02 2.778463438153266907e-02
4.318932443857192993e-02 2.734911069273948669e-02
4.325668141245841980e-02 2.731303125619888306e-02
4.293126240372657776e-02 2.737893909215927124e-02
4.323837906122207642e-02 2.729602158069610596e-02
4.869430884718894958e-02 2.309281378984451294e-02
5.067641288042068481e-02 2.175560221076011658e-02
5.224295333027839661e-02 2.040684409439563751e-02
5.168201774358749390e-02 2.092818543314933777e-02
4.395924508571624756e-02 2.661949582397937775e-02
4.683801159262657166e-02 2.472534589469432831e-02
5.051352083683013916e-02 2.182195335626602173e-02
5.128417536616325378e-02 2.122071571648120880e-02
5.643004179000854492e-02 1.694309152662754059e-02
4.493681713938713074e-02 2.594842389225959778e-02
4.945571348071098328e-02 2.269790321588516235e-02
5.178448557853698730e-02 2.102280408143997192e-02
4.887551441788673401e-02 2.311836555600166321e-02
4.169180989265441895e-02 2.836054377257823944e-02
5.089423060417175293e-02 2.162090130150318146e-02
5.251256749033927917e-02 2.011777833104133606e-02
5.253015086054801941e-02 2.027531154453754425e-02
5.720653757452964783e-02 1.644220761954784393e-02
5.185902118682861328e-02 2.068828046321868896e-02
5.598099902272224426e-02 1.730666868388652802e-02
5.248254537582397461e-02 2.016559615731239319e-02
6.079854071140289307e-02 1.380589511245489120e-02
5.998000502586364746e-02 1.402897108346223831e-02
5.167939513921737671e-02 2.101151645183563232e-02
5.956997722387313843e-02 1.457617431879043579e-02
5.510554835200309753e-02 1.819547638297080994e-02
6.132926046848297119e-02 1.322047039866447449e-02
6.037931516766548157e-02 1.381045673042535782e-02
5.973350256681442261e-02 1.469005364924669266e-02
6.170712783932685852e-02 1.306593883782625198e-02
6.287343800067901611e-02 1.179796550422906876e-02
6.128019839525222778e-02 1.316303201019763947e-02
6.281509995460510254e-02 1.163893658667802811e-02
6.335549801588058472e-02 1.153899915516376495e-02
4.926674813032150269e-02 2.284626662731170654e-02
6.306178867816925049e-02 1.198946125805377960e-02
6.312447041273117065e-02 1.208788715302944183e-02
6.324744969606399536e-02 1.186211779713630676e-02
6.288493424654006958e-02 1.200880110263824463e-02
6.236756592988967896e-02 1.277331635355949402e-02
6.299685686826705933e-02 1.196357421576976776e-02
5.945423245429992676e-02 1.467961072921752930e-02
6.281229853630065918e-02 1.219235826283693314e-02
6.267427653074264526e-02 1.228535640984773636e-02
6.312497705221176147e-02 1.151636056602001190e-02
6.064578145742416382e-02 1.367891114205121994e-02
6.284794956445693970e-02 1.180554740130901337e-02
6.291659921407699585e-02 1.180120836943387985e-02
6.293864548206329346e-02 1.171233877539634705e-02
6.309614330530166626e-02 1.164435967803001404e-02
6.307628005743026733e-02 1.111754309386014938e-02
6.312140077352523804e-02 1.123430766165256500e-02
6.305484473705291748e-02 1.148319989442825317e-02
6.301149725914001465e-02 1.138961315155029297e-02
6.311764568090438843e-02 1.137092709541320801e-02
6.301826238632202148e-02 1.118916459381580353e-02
6.307841092348098755e-02 1.123328041285276413e-02
6.304897367954254150e-02 1.125843077898025513e-02
6.308177858591079712e-02 1.167844515293836594e-02
6.308400630950927734e-02 1.121167931705713272e-02
6.300900876522064209e-02 1.117342803627252579e-02
6.288523226976394653e-02 1.187975984066724777e-02
6.305155903100967407e-02 1.172793749719858170e-02
6.147811189293861389e-02 1.346442382782697678e-02
5.325120687484741211e-02 1.992763578891754150e-02
6.298723816871643066e-02 1.180600468069314957e-02
6.276935338973999023e-02 1.187058258801698685e-02
5.953863263130187988e-02 1.439271401613950729e-02
6.251326203346252441e-02 1.227228064090013504e-02
5.873227491974830627e-02 1.553156413137912750e-02
5.493077635765075684e-02 1.823355257511138916e-02
6.291669607162475586e-02 1.230619382113218307e-02
6.293724477291107178e-02 1.195154711604118347e-02
6.291606277227401733e-02 1.170910242944955826e-02
6.270916014909744263e-02 1.208776421844959259e-02
6.320761144161224365e-02 1.164639182388782501e-02
6.263985484838485718e-02 1.247722562402486801e-02
6.114447489380836487e-02 1.348251197487115860e-02
6.331190466880798340e-02 1.185924187302589417e-02
6.316793709993362427e-02 1.148491911590099335e-02
6.315761804580688477e-02 1.137854345142841339e-02
6.316000223159790039e-02 1.154166273772716522e-02
6.306629627943038940e-02 1.155815552920103073e-02
6.333710998296737671e-02 1.188780087977647781e-02
6.291807442903518677e-02 1.188690587878227234e-02
6.329311430454254150e-02 1.137607078999280930e-02
6.301435083150863647e-02 1.176304183900356293e-02
6.333529204130172729e-02 1.078881137073040009e-02
6.057782843708992004e-02 1.371607650071382523e-02
6.339465081691741943e-02 1.087429653853178024e-02
6.317140907049179077e-02 1.083159353584051132e-02
6.114665791392326355e-02 1.288885530084371567e-02
6.215121597051620483e-02 1.195311732590198517e-02
6.311665475368499756e-02 1.104617025703191757e-02
6.272073835134506226e-02 1.166403573006391525e-02
6.322330981492996216e-02 1.103048492223024368e-02
6.300526857376098633e-02 1.152256317436695099e-02
6.114130467176437378e-02 1.304053515195846558e-02
6.341336667537689209e-02 1.110474485903978348e-02
6.339786201715469360e-02 1.113743428140878677e-02
6.321129947900772095e-02 1.121145673096179962e-02
6.204597651958465576e-02 1.222496293485164642e-02
6.279202550649642944e-02 1.132278703153133392e-02
6.295562535524368286e-02 1.134954392910003662e-02
6.316324323415756226e-02 1.075282506644725800e-02
6.312866508960723877e-02 1.100391056388616562e-02
5.679531395435333252e-02 1.672182977199554443e-02
6.245729327201843262e-02 1.185808144509792328e-02
6.117483973503112793e-02 1.334617193788290024e-02
6.230472773313522339e-02 1.204521674662828445e-02
5.847312137484550476e-02 1.586413756012916565e-02
6.100324541330337524e-02 1.333155669271945953e-02
6.155655905604362488e-02 1.268732454627752304e-02
6.127485632896423340e-02 1.300838217139244080e-02
6.061022356152534485e-02 1.393117196857929230e-02
4.875136166810989380e-02 2.337457984685897827e-02
6.275036931037902832e-02 1.141003705561161041e-02
6.216933950781822205e-02 1.199050620198249817e-02
5.899810791015625000e-02 1.526464801281690598e-02
6.009153276681900024e-02 1.447375677525997162e-02
5.484769865870475769e-02 1.876200921833515167e-02
5.760600790381431580e-02 1.627273112535476685e-02
5.130602046847343445e-02 2.136034332215785980e-02
5.066495388746261597e-02 2.183868549764156342e-02
4.922639578580856323e-02 2.292312122881412506e-02
5.760070309042930603e-02 1.620352640748023987e-02
5.394528433680534363e-02 1.924733072519302368e-02
6.182852387428283691e-02 1.187479682266712189e-02
6.179635971784591675e-02 1.193023659288883209e-02
5.893566459417343140e-02 1.471374835819005966e-02
6.205578893423080444e-02 1.172209437936544418e-02
5.835479497909545898e-02 1.510666683316230774e-02
5.569702759385108948e-02 1.778878457844257355e-02
6.088636443018913269e-02 1.323396898806095123e-02
5.889099836349487305e-02 1.503334194421768188e-02
5.452902987599372864e-02 1.881758682429790497e-02
5.388058722019195557e-02 1.929344423115253448e-02
5.792254954576492310e-02 1.624188572168350220e-02
4.686583206057548523e-02 2.497271262109279633e-02
5.895616486668586731e-02 1.548205874860286713e-02
4.979848861694335938e-02 2.274993993341922760e-02
5.753448233008384705e-02 1.690171658992767334e-02
5.154316499829292297e-02 2.152036130428314209e-02
4.173937067389488220e-02 2.849435433745384216e-02
4.561960324645042419e-02 2.580722607672214508e-02
5.623256042599678040e-02 1.786694675683975220e-02
5.692096054553985596e-02 1.698805950582027435e-02
5.301463603973388672e-02 2.024393714964389801e-02
5.464288964867591858e-02 1.887591555714607239e-02
5.766245722770690918e-02 1.624676026403903961e-02
6.009868159890174866e-02 1.377111114561557770e-02
5.803911015391349792e-02 1.561388745903968811e-02
4.618962854146957397e-02 2.500722557306289673e-02
4.383221268653869629e-02 2.683115936815738678e-02
5.753134191036224365e-02 1.613262668251991272e-02
4.633494839072227478e-02 2.504799142479896545e-02
4.616677016019821167e-02 2.532594278454780579e-02
4.644704237580299377e-02 2.501892670989036560e-02
4.477484524250030518e-02 2.629498019814491272e-02
5.627722293138504028e-02 1.729343645274639130e-02
4.780480638146400452e-02 2.397138997912406921e-02
4.821341112256050110e-02 2.363982796669006348e-02
4.633310809731483459e-02 2.503621764481067657e-02
4.515780881047248840e-02 2.605879679322242737e-02
4.891214892268180847e-02 2.301024273037910461e-02
4.436035081744194031e-02 2.637244574725627899e-02
4.789710044860839844e-02 2.380820550024509430e-02
4.707163572311401367e-02 2.443426474928855896e-02
5.714369565248489380e-02 1.648341119289398193e-02
5.859851464629173279e-02 1.551328506320714951e-02
4.935183003544807434e-02 2.274845913052558899e-02
5.469990894198417664e-02 1.848936453461647034e-02
4.571730643510818481e-02 2.537835575640201569e-02
4.535853862762451172e-02 2.582395263016223907e-02
4.551939293742179871e-02 2.549718134105205536e-02
4.429834336042404175e-02 2.650177106261253357e-02
4.088626056909561157e-02 2.897644601762294769e-02
4.193711280822753906e-02 2.819129638373851776e-02
3.944831341505050659e-02 2.989658527076244354e-02
4.262191429734230042e-02 2.776079252362251282e-02
3.842865675687789917e-02 3.061025030910968781e-02
4.275226220488548279e-02 2.771276980638504028e-02
4.274702444672584534e-02 2.759587764739990234e-02
4.877800494432449341e-02 2.314694970846176147e-02
4.458086565136909485e-02 2.623850852251052856e-02
4.005208984017372131e-02 2.930091880261898041e-02
4.368925094604492188e-02 2.674124017357826233e-02
4.525993764400482178e-02 2.581867948174476624e-02
4.633819684386253357e-02 2.500939741730690002e-02
4.607729986310005188e-02 2.510811761021614075e-02
4.654720798134803772e-02 2.506200782954692841e-02
4.467421025037765503e-02 2.617025934159755707e-02
4.668223485350608826e-02 2.485581673681735992e-02
5.010082945227622986e-02 2.224520221352577209e-02
4.771639034152030945e-02 2.416057698428630829e-02
5.659735202789306641e-02 1.724297553300857544e-02
4.679639637470245361e-02 2.482367120683193207e-02
5.150518193840980530e-02 2.113765291869640350e-02
5.343212187290191650e-02 1.994442567229270935e-02
6.044025719165802002e-02 1.411630585789680481e-02
5.595718696713447571e-02 1.777119934558868408e-02
4.929579049348831177e-02 2.298386581242084503e-02
5.973054468631744385e-02 1.470424607396125793e-02
5.701189488172531128e-02 1.668488979339599609e-02
5.894869565963745117e-02 1.509376056492328644e-02
5.666092410683631897e-02 1.701515726745128632e-02
6.160799041390419006e-02 1.274273730814456940e-02
6.125219166278839111e-02 1.304328255355358124e-02
5.796718969941139221e-02 1.590182445943355560e-02
5.917258933186531067e-02 1.490710489451885223e-02
5.730144307017326355e-02 1.656104065477848053e-02
5.905986204743385315e-02 1.500887796282768250e-02
5.923688411712646484e-02 1.484738197177648544e-02
6.121434643864631653e-02 1.301179546862840652e-02
5.567210912704467773e-02 1.784593611955642700e-02
5.635588243603706360e-02 1.730641163885593414e-02
5.615985393524169922e-02 1.743805594742298126e-02
5.805042013525962830e-02 1.571265049278736115e-02
5.635109543800354004e-02 1.750183850526809692e-02
5.301168933510780334e-02 2.008713409304618835e-02
5.922159925103187561e-02 1.467711571604013443e-02
5.678376182913780212e-02 1.696823164820671082e-02
5.826734378933906555e-02 1.549013238400220871e-02
5.657429248094558716e-02 1.715225726366043091e-02
6.073233112692832947e-02 1.363941375166177750e-02
6.012146174907684326e-02 1.388211362063884735e-02
6.099511682987213135e-02 1.301183551549911499e-02
6.071074306964874268e-02 1.384646631777286530e-02
6.121946871280670166e-02 1.300772558897733688e-02
5.560158193111419678e-02 1.793617382645606995e-02
6.121946871280670166e-02 1.300772558897733688e-02
6.162036582827568054e-02 1.315490342676639557e-02
5.751100555062294006e-02 1.615508086979389191e-02
6.123389303684234619e-02 1.327257417142391205e-02
6.120558083057403564e-02 1.316609047353267670e-02
6.196212768554687500e-02 1.272976212203502655e-02
5.859697237610816956e-02 1.576376333832740784e-02
6.220356002449989319e-02 1.258359104394912720e-02
6.197523698210716248e-02 1.271354593336582184e-02
5.834537371993064880e-02 1.580957137048244476e-02
6.307577341794967651e-02 1.241899561136960983e-02
6.182671338319778442e-02 1.286122947931289673e-02
6.027765944600105286e-02 1.426725927740335464e-02
6.233759969472885132e-02 1.224901527166366577e-02
5.478171631693840027e-02 1.865206658840179443e-02
6.003708019852638245e-02 1.422215532511472702e-02
6.208264082670211792e-02 1.285616867244243622e-02
6.162527948617935181e-02 1.303742546588182449e-02
5.985109508037567139e-02 1.426424272358417511e-02
6.228869035840034485e-02 1.261062454432249069e-02
6.267473101615905762e-02 1.234286464750766754e-02
6.246377527713775635e-02 1.248331926763057709e-02
6.104470789432525635e-02 1.335727050900459290e-02
6.229798868298530579e-02 1.223601493984460831e-02
6.143192946910858154e-02 1.298172958195209503e-02
5.992512032389640808e-02 1.430664025247097015e-02
6.304912269115447998e-02 1.217656675726175308e-02
6.338538229465484619e-02 1.197653450071811676e-02
6.167478114366531372e-02 1.333815511316061020e-02
6.268513202667236328e-02 1.231547351926565170e-02
6.171090900897979736e-02 1.330355927348136902e-02
6.092054396867752075e-02 1.388944778591394424e-02
6.261920928955078125e-02 1.244246773421764374e-02
6.324623525142669678e-02 1.161634270101785660e-02
6.196179240942001343e-02 1.261350978165864944e-02
6.351982802152633667e-02 1.226265449076890945e-02
6.277582049369812012e-02 1.208824384957551956e-02
6.189449876546859741e-02 1.283381972461938858e-02
6.300830841064453125e-02 1.236138120293617249e-02
6.312400102615356445e-02 1.219491381198167801e-02
6.325305998325347900e-02 1.241986081004142761e-02
6.312363594770431519e-02 1.241409219801425934e-02
6.336991488933563232e-02 1.234607398509979248e-02
6.307621300220489502e-02 1.243792381137609482e-02
6.316824257373809814e-02 1.209303643554449081e-02
6.328587234020233154e-02 1.240276265889406204e-02
6.329568475484848022e-02 1.268815994262695312e-02
6.300431489944458008e-02 1.258468255400657654e-02
6.312427669763565063e-02 1.224779244512319565e-02
6.304566562175750732e-02 1.209307089447975159e-02
6.309521943330764771e-02 1.255055703222751617e-02
6.296662986278533936e-02 1.243297383189201355e-02
6.303755193948745728e-02 1.235066168010234833e-02
6.303885579109191895e-02 1.209919992834329605e-02
6.298084557056427002e-02 1.187549717724323273e-02
6.272739917039871216e-02 1.200091838836669922e-02
6.298620253801345825e-02 1.182329282164573669e-02
6.307294219732284546e-02 1.180297508835792542e-02
6.303510069847106934e-02 1.211712229996919632e-02
6.301590055227279663e-02 1.182372588664293289e-02
6.300111114978790283e-02 1.234534382820129395e-02
6.306125223636627197e-02 1.256807614117860794e-02
6.322735548019409180e-02 1.266843825578689575e-02
6.319500505924224854e-02 1.258103642612695694e-02
6.302412599325180054e-02 1.216744817793369293e-02
6.311555951833724976e-02 1.227346900850534439e-02
6.304785609245300293e-02 1.205293182283639908e-02
6.326632201671600342e-02 1.214317791163921356e-02
6.307800859212875366e-02 1.234871521592140198e-02
6.299719214439392090e-02 1.232276484370231628e-02
6.307879090309143066e-02 1.222580205649137497e-02
6.323284655809402466e-02 1.217438559979200363e-02
6.297394633293151855e-02 1.213074102997779846e-02
6.302659958600997925e-02 1.192307285964488983e-02
6.307019293308258057e-02 1.210263557732105255e-02
6.305474042892456055e-02 1.182968728244304657e-02
6.328095495700836182e-02 1.205085404217243195e-02
6.341255456209182739e-02 1.175893843173980713e-02
6.314486265182495117e-02 1.178128831088542938e-02
6.324427574872970581e-02 1.192497368901968002e-02
6.308739632368087769e-02 1.200570166110992432e-02
6.312873214483261108e-02 1.146758999675512314e-02
5.476156622171401978e-02 1.854442805051803589e-02
5.581240728497505188e-02 1.767232455313205719e-02
6.244739145040512085e-02 1.246593520045280457e-02
6.153573468327522278e-02 1.301417313516139984e-02
6.003360450267791748e-02 1.431726478040218353e-02
4.588942974805831909e-02 2.540875598788261414e-02
5.846439301967620850e-02 1.582836359739303589e-02
5.787711963057518005e-02 1.605982333421707153e-02
5.564826354384422302e-02 1.779526099562644958e-02
4.612370952963829041e-02 2.514471858739852905e-02
5.604774132370948792e-02 1.736507005989551544e-02
5.962885171175003052e-02 1.456460729241371155e-02
6.092051789164543152e-02 1.328975893557071686e-02
6.124840304255485535e-02 1.290096528828144073e-02
6.129762902855873108e-02 1.323484443128108978e-02
6.214320659637451172e-02 1.241321675479412079e-02
6.232243776321411133e-02 1.239184942096471786e-02
6.031331419944763184e-02 1.397568732500076294e-02
6.245702132582664490e-02 1.228081062436103821e-02
6.228578090667724609e-02 1.241194643080234528e-02
6.247390806674957275e-02 1.230425853282213211e-02
6.111576780676841736e-02 1.317101065069437027e-02
6.256725639104843140e-02 1.187552232295274734e-02
6.156290695071220398e-02 1.278715208172798157e-02
6.321111321449279785e-02 1.163445692509412766e-02
6.242750212550163269e-02 1.228957530111074448e-02
6.291234493255615234e-02 1.173804514110088348e-02
6.289416551589965820e-02 1.147569809108972549e-02
6.203689053654670715e-02 1.235114596784114838e-02
6.298730522394180298e-02 1.134738791733980179e-02
6.292989104986190796e-02 1.136979181319475174e-02
6.214424967765808105e-02 1.244723983108997345e-02
6.209665909409523010e-02 1.258339639753103256e-02
6.265519559383392334e-02 1.218069531023502350e-02
6.001092866063117981e-02 1.463108137249946594e-02
5.463084205985069275e-02 1.875554397702217102e-02
4.625269025564193726e-02 2.521131187677383423e-02
4.241423308849334717e-02 2.794642746448516846e-02
4.708885401487350464e-02 2.461396902799606323e-02
4.390301927924156189e-02 2.700063958764076233e-02
4.806121066212654114e-02 2.401932701468467712e-02
5.065249651670455933e-02 2.182569727301597595e-02
5.074872821569442749e-02 2.175469696521759033e-02
4.969367757439613342e-02 2.267697639763355255e-02
5.276315286755561829e-02 2.027449384331703186e-02
4.519507661461830139e-02 2.595859579741954803e-02
4.747558757662773132e-02 2.425882034003734589e-02
4.416048526763916016e-02 2.663758024573326111e-02
5.343438684940338135e-02 1.985592022538185120e-02
4.626346752047538757e-02 2.526351809501647949e-02
4.947483539581298828e-02 2.265437692403793335e-02
4.645256698131561279e-02 2.506732009351253510e-02
4.682850092649459839e-02 2.480452507734298706e-02
4.674414545297622681e-02 2.480217814445495605e-02
4.997328668832778931e-02 2.232667058706283569e-02
4.747809097170829773e-02 2.423917688429355621e-02
4.696255177259445190e-02 2.458513341844081879e-02
4.507140442728996277e-02 2.617963030934333801e-02
4.971541836857795715e-02 2.269525639712810516e-02
4.754628986120223999e-02 2.430216781795024872e-02
5.060381069779396057e-02 2.211424894630908966e-02
4.631262645125389099e-02 2.510849200189113617e-02
4.800034686923027039e-02 2.399635687470436096e-02
4.563220590353012085e-02 2.572474256157875061e-02
4.373274743556976318e-02 2.710578776895999908e-02
4.293211922049522400e-02 2.757257595658302307e-02
4.833692312240600586e-02 2.370333857834339142e-02
4.793112725019454956e-02 2.399081923067569733e-02
4.936553537845611572e-02 2.296571061015129089e-02
5.333951860666275024e-02 1.993015967309474945e-02
4.457796365022659302e-02 2.650941349565982819e-02
4.750771075487136841e-02 2.437550574541091919e-02
4.303497821092605591e-02 2.750658057630062103e-02
4.458517581224441528e-02 2.647486329078674316e-02
4.510365054011344910e-02 2.605086751282215118e-02
4.139959812164306641e-02 2.854020893573760986e-02
4.361015185713768005e-02 2.718936279416084290e-02
4.560413211584091187e-02 2.569232694804668427e-02
4.440208896994590759e-02 2.669120393693447113e-02
4.650805890560150146e-02 2.533404901623725891e-02
4.458675533533096313e-02 2.654414996504783630e-02
4.564853012561798096e-02 2.585452795028686523e-02
4.221223294734954834e-02 2.822791971266269684e-02
4.313559830188751221e-02 2.758748829364776611e-02
4.353339970111846924e-02 2.731621265411376953e-02
4.235521703958511353e-02 2.815236151218414307e-02
4.152799770236015320e-02 2.856227196753025055e-02
4.434237629175186157e-02 2.670439705252647400e-02
4.488041624426841736e-02 2.625085413455963135e-02
3.969441726803779602e-02 2.975442446768283844e-02
4.516465589404106140e-02 2.612503618001937866e-02
4.071316123008728027e-02 2.902756631374359131e-02
3.953230753540992737e-02 2.991051040589809418e-02
4.410354048013687134e-02 2.681763656437397003e-02
4.352907091379165649e-02 2.728985436260700226e-02
4.381309822201728821e-02 2.698560990393161774e-02
4.436708986759185791e-02 2.668679133057594299e-02
4.591059684753417969e-02 2.570948563516139984e-02
4.583674669265747070e-02 2.552405185997486115e-02
4.641920328140258789e-02 2.505098283290863037e-02
4.605104401707649231e-02 2.528770826756954193e-02
4.585171118378639221e-02 2.561291493475437164e-02
5.071557685732841492e-02 2.178847417235374451e-02
4.818979650735855103e-02 2.368491329252719879e-02
4.785050451755523682e-02 2.390616200864315033e-02
5.111008137464523315e-02 2.140077203512191772e-02
4.256473109126091003e-02 2.787429280579090118e-02
4.523194581270217896e-02 2.594697661697864532e-02
4.574877023696899414e-02 2.558243274688720703e-02
4.444611445069313049e-02 2.658121101558208466e-02
4.321452602744102478e-02 2.736249566078186035e-02
3.887235373258590698e-02 3.033379837870597839e-02
4.725756496191024780e-02 2.437734417617321014e-02
4.313376918435096741e-02 2.747612819075584412e-02
4.124458134174346924e-02 2.865665778517723083e-02
4.146611690521240234e-02 2.862963825464248657e-02
4.039850458502769470e-02 2.935029193758964539e-02
4.291655495762825012e-02 2.751081623136997223e-02
3.924696892499923706e-02 2.998440712690353394e-02
4.574488103389739990e-02 2.550520189106464386e-02
4.577184841036796570e-02 2.548038400709629059e-02
4.488236829638481140e-02 2.612431719899177551e-02
4.313419386744499207e-02 2.748640626668930054e-02
4.533741623163223267e-02 2.576248347759246826e-02
4.582116007804870605e-02 2.543350495398044586e-02
4.563134163618087769e-02 2.571543678641319275e-02
4.369772225618362427e-02 2.706469222903251648e-02
4.304913431406021118e-02 2.742227911949157715e-02
4.447392746806144714e-02 2.630963921546936035e-02
4.219930246472358704e-02 2.792006358504295349e-02
4.284103959798812866e-02 2.759503573179244995e-02
4.272064566612243652e-02 2.751879394054412842e-02
4.624913260340690613e-02 2.531466446816921234e-02
4.536117613315582275e-02 2.589200995862483978e-02
4.486738145351409912e-02 2.604436874389648438e-02
4.531846195459365845e-02 2.593663334846496582e-02
4.452469944953918457e-02 2.651185542345046997e-02
4.509820789098739624e-02 2.578251995146274567e-02
4.839446395635604858e-02 2.371412143111228943e-02
4.551640525460243225e-02 2.560477890074253082e-02
4.510118812322616577e-02 2.581391856074333191e-02
4.901745915412902832e-02 2.312675490975379944e-02
4.379648342728614807e-02 2.689828909933567047e-02
4.850938171148300171e-02 2.331844158470630646e-02
4.822712391614913940e-02 2.371392399072647095e-02
4.818936064839363098e-02 2.354149892926216125e-02
4.667739942669868469e-02 2.474389411509037018e-02
4.710637778043746948e-02 2.471030503511428833e-02
4.620878398418426514e-02 2.523302845656871796e-02
4.801379144191741943e-02 2.375809289515018463e-02
5.111073330044746399e-02 2.135744504630565643e-02
4.644938558340072632e-02 2.497083507478237152e-02
4.580902680754661560e-02 2.556684054434299469e-02
5.079841613769531250e-02 2.180663496255874634e-02
5.363949015736579895e-02 1.943133957684040070e-02
4.354389011859893799e-02 2.714590728282928467e-02
4.621674492955207825e-02 2.536206506192684174e-02
4.355214163661003113e-02 2.684399485588073730e-02
4.256358742713928223e-02 2.762604504823684692e-02
4.363906756043434143e-02 2.695211023092269897e-02
4.131924360990524292e-02 2.869493700563907623e-02
5.392647907137870789e-02 1.938512921333312988e-02
5.627946928143501282e-02 1.742380112409591675e-02
4.288035631179809570e-02 2.754305861890316010e-02
4.476632550358772278e-02 2.639487572014331818e-02
4.849180951714515686e-02 2.343576587736606598e-02
5.217559635639190674e-02 2.080578356981277466e-02
4.401367902755737305e-02 2.678376436233520508e-02
4.851450398564338684e-02 2.340347506105899811e-02
4.904337227344512939e-02 2.313084900379180908e-02
5.116957798600196838e-02 2.151237241923809052e-02
5.145447328686714172e-02 2.114756405353546143e-02
5.381783470511436462e-02 1.961409114301204681e-02
4.683522135019302368e-02 2.468729950487613678e-02
5.388710647821426392e-02 1.942080445587635040e-02
4.363992810249328613e-02 2.695014514029026031e-02
4.553704336285591125e-02 2.567457035183906555e-02
4.584108293056488037e-02 2.541097998619079590e-02
5.633742362260818481e-02 1.718715019524097443e-02
4.555736854672431946e-02 2.595294080674648285e-02
5.362828820943832397e-02 1.939944550395011902e-02
4.583875089883804321e-02 2.551365084946155548e-02
4.443505406379699707e-02 2.646373026072978973e-02
4.341394826769828796e-02 2.706917189061641693e-02
4.561325907707214355e-02 2.555872127413749695e-02
5.093213170766830444e-02 2.138498239219188690e-02
5.107971280813217163e-02 2.138943411409854889e-02
5.602108314633369446e-02 1.747086644172668457e-02
5.228830128908157349e-02 2.041109092533588409e-02
5.998907238245010376e-02 1.415618788450956345e-02
5.595678836107254028e-02 1.726479642093181610e-02
5.476021766662597656e-02 1.820975169539451599e-02
4.525282233953475952e-02 2.589102089405059814e-02
4.878743737936019897e-02 2.348718978464603424e-02
5.352161452174186707e-02 1.936626061797142029e-02
5.770221725106239319e-02 1.585085131227970123e-02
4.766137525439262390e-02 2.421289868652820587e-02
4.827523604035377502e-02 2.379138953983783722e-02
5.250065401196479797e-02 2.046015672385692596e-02
5.915004014968872070e-02 1.431567035615444183e-02
5.937771499156951904e-02 1.398270111531019211e-02
6.320571899414062500e-02 1.195275504142045975e-02
4.887066036462783813e-02 2.309494838118553162e-02
5.898042768239974976e-02 1.529254857450723648e-02
5.945643410086631775e-02 1.432499662041664124e-02
5.960034206509590149e-02 1.473445817828178406e-02
6.171093508601188660e-02 1.272309757769107819e-02
6.335233896970748901e-02 1.108860224485397339e-02
6.194166839122772217e-02 1.195354387164115906e-02
6.280601024627685547e-02 1.188754197210073471e-02
6.291741877794265747e-02 1.186531968414783478e-02
6.266546249389648438e-02 1.093637384474277496e-02
6.285332888364791870e-02 1.170607283711433411e-02
6.277804076671600342e-02 1.137542910873889923e-02
6.287893652915954590e-02 1.166546624153852463e-02
6.273131072521209717e-02 1.098262518644332886e-02
6.287945806980133057e-02 1.115041691809892654e-02
6.274072825908660889e-02 1.129121240228414536e-02
6.262484937906265259e-02 1.153125986456871033e-02
6.283023208379745483e-02 1.147297304123640060e-02
6.283292174339294434e-02 1.155325490981340408e-02
6.275607645511627197e-02 1.186061371117830276e-02
6.270055472850799561e-02 1.069412752985954285e-02
6.294198334217071533e-02 1.156978309154510498e-02
6.300826370716094971e-02 1.079188752919435501e-02
6.318248063325881958e-02 1.154298800975084305e-02
6.327937543392181396e-02 1.104660704731941223e-02
6.333199143409729004e-02 1.104729995131492615e-02
6.347689777612686157e-02 1.091522723436355591e-02
6.353108584880828857e-02 1.058229431509971619e-02
6.350274384021759033e-02 1.025395467877388000e-02
6.350503116846084595e-02 1.075933594256639481e-02
6.352628022432327271e-02 1.072734594345092773e-02
6.351622194051742554e-02 1.076353434473276138e-02
6.336660683155059814e-02 1.101298630237579346e-02
6.340130418539047241e-02 1.050640735775232315e-02
6.340690702199935913e-02 1.096770074218511581e-02
6.306036561727523804e-02 1.134366355836391449e-02
6.319962441921234131e-02 1.102023292332887650e-02
6.314872205257415771e-02 1.174916420131921768e-02
6.321200728416442871e-02 1.160608604550361633e-02
6.296553462743759155e-02 1.149508450180292130e-02
6.314977258443832397e-02 1.177994441241025925e-02
6.347446143627166748e-02 1.166566554456949234e-02
6.345088779926300049e-02 1.100855506956577301e-02
6.329304724931716919e-02 1.147051434963941574e-02
6.348121166229248047e-02 1.131709851324558258e-02
6.258900463581085205e-02 1.217719912528991699e-02
6.262061744928359985e-02 1.241565495729446411e-02
6.207566708326339722e-02 1.230178866535425186e-02
6.116678193211555481e-02 1.357399579137563705e-02
6.177257001399993896e-02 1.252056658267974854e-02
6.188996881246566772e-02 1.290875952690839767e-02
6.243995204567909241e-02 1.256141904741525650e-02
5.885471403598785400e-02 1.540160272270441055e-02
5.430521443486213684e-02 1.935850828886032104e-02
4.488961771130561829e-02 2.638889476656913757e-02
4.196953028440475464e-02 2.829178422689437866e-02
4.044899344444274902e-02 2.932179905474185944e-02
4.000861197710037231e-02 2.974023483693599701e-02
3.950155898928642273e-02 2.986560948193073273e-02
3.974459692835807800e-02 2.967132069170475006e-02
4.003857076168060303e-02 2.944633737206459045e-02
4.060380533337593079e-02 2.913376875221729279e-02
4.630533605813980103e-02 2.536698244512081146e-02
4.393347725272178650e-02 2.686309441924095154e-02
4.198650643229484558e-02 2.812207676470279694e-02
4.561898112297058105e-02 2.571365050971508026e-02
4.316298663616180420e-02 2.723539620637893677e-02
4.119282588362693787e-02 2.889302186667919159e-02
3.953547030687332153e-02 2.982085943222045898e-02
4.342131689190864563e-02 2.720697596669197083e-02
4.352413862943649292e-02 2.722468599677085876e-02
4.596167057752609253e-02 2.552872896194458008e-02
4.329913482069969177e-02 2.737889438867568970e-02
4.610816016793251038e-02 2.552017755806446075e-02
5.082056671380996704e-02 2.195716649293899536e-02
4.438327252864837646e-02 2.673773095011711121e-02
5.648606270551681519e-02 1.727849803864955902e-02
4.673721641302108765e-02 2.502191998064517975e-02
4.665737971663475037e-02 2.498306147754192352e-02
4.249233007431030273e-02 2.795962430536746979e-02
4.989887401461601257e-02 2.243209071457386017e-02
4.093374311923980713e-02 2.876729331910610199e-02
4.576511308550834656e-02 2.555380016565322876e-02
4.675467684864997864e-02 2.489414252340793610e-02
4.315579682588577271e-02 2.738804370164871216e-02
5.321083962917327881e-02 1.948939636349678040e-02
5.297644436359405518e-02 2.008748240768909454e-02
5.094987154006958008e-02 2.171526476740837097e-02
4.947677254676818848e-02 2.294012159109115601e-02
5.068089812994003296e-02 2.170299924910068512e-02
4.668834432959556580e-02 2.490441314876079559e-02
4.236787930130958557e-02 2.802510932087898254e-02
4.475654289126396179e-02 2.615881711244583130e-02
4.346305504441261292e-02 2.713936008512973785e-02
4.597959667444229126e-02 2.546148374676704407e-02
4.560699686408042908e-02 2.570106834173202515e-02
4.159856587648391724e-02 2.820761129260063171e-02
4.327127709984779358e-02 2.716175280511379242e-02
4.242724552750587463e-02 2.779021486639976501e-02
4.219440743327140808e-02 2.792195975780487061e-02
4.539340361952781677e-02 2.568977512419223785e-02
4.419321566820144653e-02 2.652763016521930695e-02
4.270809888839721680e-02 2.747265435755252838e-02
3.835005313158035278e-02 3.032904677093029022e-02
4.219105839729309082e-02 2.786672115325927734e-02
3.949557244777679443e-02 2.960351482033729553e-02
4.132694751024246216e-02 2.840854786336421967e-02
3.997582569718360901e-02 2.924336679279804230e-02
5.001299455761909485e-02 2.220261283218860626e-02
4.547920450568199158e-02 2.553011290729045868e-02
4.294969141483306885e-02 2.736359462141990662e-02
4.248274862766265869e-02 2.765215374529361725e-02
4.453960806131362915e-02 2.612871676683425903e-02
4.635117948055267334e-02 2.482886053621768951e-02
4.517596960067749023e-02 2.579726837575435638e-02
4.322439432144165039e-02 2.704801037907600403e-02
4.552024230360984802e-02 2.542763948440551758e-02
4.064026102423667908e-02 2.877550199627876282e-02
4.842020943760871887e-02 2.359778247773647308e-02
5.385485664010047913e-02 1.923894509673118591e-02
5.989482998847961426e-02 1.395574491471052170e-02
6.009543314576148987e-02 1.427285838872194290e-02
6.280958652496337891e-02 1.217766758054494858e-02
5.731447786092758179e-02 1.614645682275295258e-02
5.933610349893569946e-02 1.474134065210819244e-02
6.020084768533706665e-02 1.378797553479671478e-02
5.928549915552139282e-02 1.487577054649591446e-02
5.409162491559982300e-02 1.924581266939640045e-02
6.027139350771903992e-02 1.405596267431974411e-02
5.891613662242889404e-02 1.479224953800439835e-02
5.928318202495574951e-02 1.473994832485914230e-02
6.107646971940994263e-02 1.356944255530834198e-02
5.788835883140563965e-02 1.626424677670001984e-02
6.238942593336105347e-02 1.227770186960697174e-02
6.351666152477264404e-02 9.596704505383968353e-03
6.003729999065399170e-02 1.341649889945983887e-02
6.378710269927978516e-02 1.079837232828140259e-02
6.354311108589172363e-02 1.012936513870954514e-02
6.359197944402694702e-02 1.050865836441516876e-02
6.255778670310974121e-02 1.173012331128120422e-02
6.299066543579101562e-02 1.114156842231750488e-02
6.175670772790908813e-02 1.259790454059839249e-02
5.949616432189941406e-02 1.475420035421848297e-02
6.234759837388992310e-02 1.231093890964984894e-02
5.706217512488365173e-02 1.682347431778907776e-02
5.710622668266296387e-02 1.679716259241104126e-02
4.641874134540557861e-02 2.500364743173122406e-02
4.514963924884796143e-02 2.590486221015453339e-02
4.390254244208335876e-02 2.685444056987762451e-02
4.349381104111671448e-02 2.716986276209354401e-02
4.608489573001861572e-02 2.544345892965793610e-02
4.241655021905899048e-02 2.802152931690216064e-02
4.381936043500900269e-02 2.715089730918407440e-02
4.058518633246421814e-02 2.928414754569530487e-02
4.260959103703498840e-02 2.785668708384037018e-02
4.698355123400688171e-02 2.488436177372932434e-02
4.468470811843872070e-02 2.664027176797389984e-02
4.771007969975471497e-02 2.437353692948818207e-02
4.361253976821899414e-02 2.739764750003814697e-02
4.813430458307266235e-02 2.388262748718261719e-02
4.774742946028709412e-02 2.440327405929565430e-02
4.988475143909454346e-02 2.262420020997524261e-02
5.210566520690917969e-02 2.088769339025020599e-02
4.785970225930213928e-02 2.403076924383640289e-02
5.020096525549888611e-02 2.238895371556282043e-02
5.262449011206626892e-02 2.050317637622356415e-02
5.895477905869483948e-02 1.509411912411451340e-02
5.208247527480125427e-02 2.080473117530345917e-02
5.135167390108108521e-02 2.118905819952487946e-02
4.882124066352844238e-02 2.307731844484806061e-02
4.782610386610031128e-02 2.372744679450988770e-02
5.346256121993064880e-02 1.925940439105033875e-02
5.086316913366317749e-02 2.135732769966125488e-02
4.994315281510353088e-02 2.227490767836570740e-02
4.914322867989540100e-02 2.259358577430248260e-02
4.799473658204078674e-02 2.360679209232330322e-02
5.497056618332862854e-02 1.796130836009979248e-02
4.842321574687957764e-02 2.310307696461677551e-02
5.868143588304519653e-02 1.470812782645225525e-02
5.304773151874542236e-02 1.950626447796821594e-02
5.927672237157821655e-02 1.435528602451086044e-02
5.560028180480003357e-02 1.725098676979541779e-02
5.154797062277793884e-02 2.073808014392852783e-02
5.518587306141853333e-02 1.803500577807426453e-02
5.841584131121635437e-02 1.548355259001255035e-02
5.602557957172393799e-02 1.733518764376640320e-02
5.401877686381340027e-02 1.899050921201705933e-02
5.234492197632789612e-02 2.042266912758350372e-02
5.397924780845642090e-02 1.929634623229503632e-02
5.545126646757125854e-02 1.790807023644447327e-02
6.118133291602134705e-02 1.351444981992244720e-02
6.308171898126602173e-02 1.164355315268039703e-02
5.909384414553642273e-02 1.483500376343727112e-02
6.191812828183174133e-02 1.263587269932031631e-02
6.093328818678855896e-02 1.312252972275018692e-02
6.272964179515838623e-02 1.227953471243381500e-02
6.254370510578155518e-02 1.237024553120136261e-02
6.293866038322448730e-02 1.233450043946504593e-02
5.873372405767440796e-02 1.591843180358409882e-02
6.271775811910629272e-02 1.254625432193279266e-02
6.317069381475448608e-02 1.201841328293085098e-02
6.323634833097457886e-02 1.229350641369819641e-02
6.260768324136734009e-02 1.282937731593847275e-02
6.306093931198120117e-02 1.187870465219020844e-02
6.280645728111267090e-02 1.239223126322031021e-02
6.258440017700195312e-02 1.277759112417697906e-02
6.279507279396057129e-02 1.202061120420694351e-02
6.293977797031402588e-02 1.212203409522771835e-02
6.320473551750183105e-02 1.268763560801744461e-02
5.932350084185600281e-02 1.491122506558895111e-02
5.480021983385086060e-02 1.853273995220661163e-02
5.773385241627693176e-02 1.636716350913047791e-02
5.563658103346824646e-02 1.795847527682781219e-02
5.950575694441795349e-02 1.470892224460840225e-02
5.714821070432662964e-02 1.662479341030120850e-02
5.937124788761138916e-02 1.517858542501926422e-02
6.017989665269851685e-02 1.438727136701345444e-02
5.636695772409439087e-02 1.728458702564239502e-02
5.299343541264533997e-02 2.004139497876167297e-02
5.768777430057525635e-02 1.650865003466606140e-02
5.119588598608970642e-02 2.139395661652088165e-02
5.872677639126777649e-02 1.523196697235107422e-02
4.819107055664062500e-02 2.364641986787319183e-02
5.736014619469642639e-02 1.648406498134136200e-02
5.927266180515289307e-02 1.475436985492706299e-02
5.847400426864624023e-02 1.546085905283689499e-02
6.093941256403923035e-02 1.343766041100025177e-02
5.392597988247871399e-02 1.922734640538692474e-02
5.645959451794624329e-02 1.721216551959514618e-02
5.692576617002487183e-02 1.675020903348922729e-02
5.678422749042510986e-02 1.687868312001228333e-02
6.085753440856933594e-02 1.357183977961540222e-02
5.476588755846023560e-02 1.856726780533790588e-02
5.056989192962646484e-02 2.182716317474842072e-02
6.093372777104377747e-02 1.353476382791996002e-02
5.630699545145034790e-02 1.731123030185699463e-02
5.864392966032028198e-02 1.577872410416603088e-02
5.855433642864227295e-02 1.545802503824234009e-02
5.723326653242111206e-02 1.677625253796577454e-02
5.807422474026679993e-02 1.609694212675094604e-02
5.882925912737846375e-02 1.541097648441791534e-02
5.929425731301307678e-02 1.480009965598583221e-02
5.734719336032867432e-02 1.653663627803325653e-02
5.779111757874488831e-02 1.608887314796447754e-02
6.120959669351577759e-02 1.326891127973794937e-02
5.955397337675094604e-02 1.451354753226041794e-02
6.155111640691757202e-02 1.351919677108526230e-02
6.023128703236579895e-02 1.468263939023017883e-02
6.242742016911506653e-02 1.265985332429409027e-02
5.762505158782005310e-02 1.665160991251468658e-02
6.291037052869796753e-02 1.219788193702697754e-02
6.300760805606842041e-02 1.240279711782932281e-02
6.074012815952301025e-02 1.367055252194404602e-02
6.280347704887390137e-02 1.267832610756158829e-02
6.305584311485290527e-02 1.192483864724636078e-02
6.315440684556961060e-02 1.220633834600448608e-02
6.301955133676528931e-02 1.183724496513605118e-02
6.288345158100128174e-02 1.209411211311817169e-02
6.348494440317153931e-02 1.143829058855772018e-02
6.336714327335357666e-02 1.130273193120956421e-02
6.346143037080764771e-02 1.139675825834274292e-02
6.339680403470993042e-02 1.193783991038799286e-02
6.350938975811004639e-02 1.171740330755710602e-02
6.357304006814956665e-02 1.157793216407299042e-02
6.366679072380065918e-02 1.146930735558271408e-02
6.349478662014007568e-02 1.150123495608568192e-02
6.338152289390563965e-02 1.180779747664928436e-02
6.352400779724121094e-02 1.178449206054210663e-02
6.365131586790084839e-02 1.151338964700698853e-02
6.348282098770141602e-02 1.182943955063819885e-02
6.366136670112609863e-02 1.175578963011503220e-02
6.366445869207382202e-02 1.210748124867677689e-02
6.379085779190063477e-02 1.193171832710504532e-02
6.380498409271240234e-02 1.197145227342844009e-02
6.369674205780029297e-02 1.199455000460147858e-02
6.353580951690673828e-02 1.181721594184637070e-02
6.344320625066757202e-02 1.172550581395626068e-02
6.346845626831054688e-02 1.145366486161947250e-02
6.335969269275665283e-02 1.135834492743015289e-02
6.337428838014602661e-02 1.128778886049985886e-02
6.333514302968978882e-02 1.149144861847162247e-02
6.335019320249557495e-02 1.151702925562858582e-02
6.334812939167022705e-02 1.164767798036336899e-02
6.329216063022613525e-02 1.146037783473730087e-02
6.326200813055038452e-02 1.145102083683013916e-02
6.292276084423065186e-02 1.190623454749584198e-02
6.309276819229125977e-02 1.181163173168897629e-02
6.277906894683837891e-02 1.229790318757295609e-02
6.295998394489288330e-02 1.218379382044076920e-02
6.323999166488647461e-02 1.195855811238288879e-02
6.313246488571166992e-02 1.168331503868103027e-02
6.238418817520141602e-02 1.229548081755638123e-02
6.308882683515548706e-02 1.168871577829122543e-02
6.307233124971389771e-02 1.197465602308511734e-02
6.275036931037902832e-02 1.183952577412128448e-02
6.287121772766113281e-02 1.207420881837606430e-02
6.194819882512092590e-02 1.259352080523967743e-02
6.127832457423210144e-02 1.317424979060888290e-02
6.061266362667083740e-02 1.382430363446474075e-02
5.889530479907989502e-02 1.519075315445661545e-02
4.361317306756973267e-02 2.715509198606014252e-02
3.957669436931610107e-02 2.989991754293441772e-02
3.954164311289787292e-02 2.981298416852951050e-02
4.403365030884742737e-02 2.689580805599689484e-02
4.126711189746856689e-02 2.882581949234008789e-02
3.845655173063278198e-02 3.067826293408870697e-02
4.046557471156120300e-02 2.946811728179454803e-02
4.024973884224891663e-02 2.949950285255908966e-02
4.106407985091209412e-02 2.895605005323886871e-02
4.221074655652046204e-02 2.813352271914482117e-02
4.588536545634269714e-02 2.546501718461513519e-02
3.911602124571800232e-02 3.013549745082855225e-02
3.914561495184898376e-02 3.013376146554946899e-02
4.008542746305465698e-02 2.950807847082614899e-02
4.353393986821174622e-02 2.703237719833850861e-02
4.445927217602729797e-02 2.637149579823017120e-02
4.651033505797386169e-02 2.497206069529056549e-02
4.681655764579772949e-02 2.479123137891292572e-02
4.235875979065895081e-02 2.794585749506950378e-02
4.093572124838829041e-02 2.906691841781139374e-02
4.029321298003196716e-02 2.942651137709617615e-02
4.528284445405006409e-02 2.609208412468433380e-02
4.034221917390823364e-02 2.950510382652282715e-02
4.205691814422607422e-02 2.830380760133266449e-02
3.826172277331352234e-02 3.085420653223991394e-02
5.030803754925727844e-02 2.213478460907936096e-02
4.190793633460998535e-02 2.842534892261028290e-02
4.999363049864768982e-02 2.238840796053409576e-02
4.526408016681671143e-02 2.596721611917018890e-02
4.773716628551483154e-02 2.415035851299762726e-02
5.731098353862762451e-02 1.659721136093139648e-02
4.630896821618080139e-02 2.525589242577552795e-02
4.483216255903244019e-02 2.626997232437133789e-02
4.157113283872604370e-02 2.858829125761985779e-02
4.148381203413009644e-02 2.865593694150447845e-02
4.139503464102745056e-02 2.877157740294933319e-02
4.108650982379913330e-02 2.901285514235496521e-02
4.191407561302185059e-02 2.832668460905551910e-02
4.238032177090644836e-02 2.795802801847457886e-02
4.323397204279899597e-02 2.753773145377635956e-02
4.613839834928512573e-02 2.531241253018379211e-02
4.780806973576545715e-02 2.425016649067401886e-02
4.223360493779182434e-02 2.821676991879940033e-02
4.123423621058464050e-02 2.878477424383163452e-02
4.458999633789062500e-02 2.651755511760711670e-02
4.720845073461532593e-02 2.465508505702018738e-02
4.929766058921813965e-02 2.284826524555683136e-02
4.582012072205543518e-02 2.551133558154106140e-02
4.581991583108901978e-02 2.549221552908420563e-02
4.981956630945205688e-02 2.270222827792167664e-02
4.256744682788848877e-02 2.787318639457225800e-02
4.235115647315979004e-02 2.808071486651897430e-02
4.241983965039253235e-02 2.796005085110664368e-02
4.923496767878532410e-02 2.311081066727638245e-02
4.675225913524627686e-02 2.498809248208999634e-02
4.554014280438423157e-02 2.568039670586585999e-02
4.621709883213043213e-02 2.519246563315391541e-02
4.694310203194618225e-02 2.471693977713584900e-02
4.186542332172393799e-02 2.842687070369720459e-02
3.753456473350524902e-02 3.132575377821922302e-02
3.717811778187751770e-02 3.156112879514694214e-02
3.696883097290992737e-02 3.158373013138771057e-02
3.808815032243728638e-02 3.085679560899734497e-02
5.088379979133605957e-02 2.193382009863853455e-02
4.292141273617744446e-02 2.777926251292228699e-02
4.182720929384231567e-02 2.857951261103153229e-02
3.623216226696968079e-02 3.230222314596176147e-02
3.679854050278663635e-02 3.196186199784278870e-02
3.699434921145439148e-02 3.181081265211105347e-02
3.697520121932029724e-02 3.170795366168022156e-02
3.771010413765907288e-02 3.124176338315010071e-02
4.005967080593109131e-02 2.972796559333801270e-02
3.822611644864082336e-02 3.101033717393875122e-02
3.763814643025398254e-02 3.130653873085975647e-02
3.855126351118087769e-02 3.080445900559425354e-02
3.972648829221725464e-02 2.990441396832466125e-02
5.017121508717536926e-02 2.249862067401409149e-02
3.755424544215202332e-02 3.138693422079086304e-02
4.869966208934783936e-02 2.363443188369274139e-02
4.520698264241218567e-02 2.624540217220783234e-02
4.842287302017211914e-02 2.386599220335483551e-02
4.317028820514678955e-02 2.783584035933017731e-02
4.132635146379470825e-02 2.881594002246856689e-02
3.786863759160041809e-02 3.130904212594032288e-02
4.756893217563629150e-02 2.443993091583251953e-02
5.895203351974487305e-02 1.545080263167619705e-02
6.059714034199714661e-02 1.388134807348251343e-02
5.412076413631439209e-02 1.966175250709056854e-02
5.873501673340797424e-02 1.557392440736293793e-02
6.074100360274314880e-02 1.387563813477754593e-02
6.155188009142875671e-02 1.325060054659843445e-02
6.278267502784729004e-02 1.231994479894638062e-02
6.306490302085876465e-02 1.157993357628583908e-02
6.278119981288909912e-02 1.163720712065696716e-02
6.221691891551017761e-02 1.239824015647172928e-02
6.192074343562126160e-02 1.279963832348585129e-02
6.263560056686401367e-02 1.210515387356281281e-02
6.277351081371307373e-02 1.209609396755695343e-02
6.270631402730941772e-02 1.238148659467697144e-02
6.270761042833328247e-02 1.234506070613861084e-02
6.272419542074203491e-02 1.237402763217687607e-02
6.284363567829132080e-02 1.236364617943763733e-02
6.273032724857330322e-02 1.228906214237213135e-02
6.295286864042282104e-02 1.217020396143198013e-02
6.284961849451065063e-02 1.224942877888679504e-02
6.247684359550476074e-02 1.229958981275558472e-02
6.233573332428932190e-02 1.259053312242031097e-02
6.248715519905090332e-02 1.267526391893625259e-02
6.160904839634895325e-02 1.345832552760839462e-02
5.581541359424591064e-02 1.788352243602275848e-02
4.428493604063987732e-02 2.664239890873432159e-02
4.294022917747497559e-02 2.772644907236099243e-02
4.749238491058349609e-02 2.438459359109401703e-02
4.516055062413215637e-02 2.612128667533397675e-02
5.154622346162796021e-02 2.132188156247138977e-02
5.045408755540847778e-02 2.205019257962703705e-02
4.995682463049888611e-02 2.242880873382091522e-02
4.648962989449501038e-02 2.510533854365348816e-02
4.738678783178329468e-02 2.447935938835144043e-02
4.799052700400352478e-02 2.392504550516605377e-02
4.888126999139785767e-02 2.320615574717521667e-02
4.624192044138908386e-02 2.536648325622081757e-02
4.710467904806137085e-02 2.460378967225551605e-02
4.730152338743209839e-02 2.460107393562793732e-02
4.893901571631431580e-02 2.330932766199111938e-02
4.602246358990669250e-02 2.544640004634857178e-02
4.500404745340347290e-02 2.633796259760856628e-02
4.540264233946800232e-02 2.592379786074161530e-02
4.595072194933891296e-02 2.546217292547225952e-02
4.426318407058715820e-02 2.684083208441734314e-02
4.651764035224914551e-02 2.517659217119216919e-02
4.447271302342414856e-02 2.664256095886230469e-02
4.697185009717941284e-02 2.483139559626579285e-02
4.773616045713424683e-02 2.419913373887538910e-02
4.809699207544326782e-02 2.396719716489315033e-02
4.381201788783073425e-02 2.695513702929019928e-02
4.538414999842643738e-02 2.590420097112655640e-02
4.397419840097427368e-02 2.691136673092842102e-02
4.554634913802146912e-02 2.593107149004936218e-02
4.804936423897743225e-02 2.393140643835067749e-02
4.824723675847053528e-02 2.367228269577026367e-02
4.224850982427597046e-02 2.814584225416183472e-02
4.389918595552444458e-02 2.704163081943988800e-02
4.847747832536697388e-02 2.359163388609886169e-02
4.511126503348350525e-02 2.602838166058063507e-02
4.616202786564826965e-02 2.541322261095046997e-02
4.227185621857643127e-02 2.804922498762607574e-02
4.193788394331932068e-02 2.827023342251777649e-02
4.646473750472068787e-02 2.503533288836479187e-02
4.193351417779922485e-02 2.832884341478347778e-02
4.530040174722671509e-02 2.605211362242698669e-02
4.704955965280532837e-02 2.476537600159645081e-02
4.931959137320518494e-02 2.312831953167915344e-02
4.870737716555595398e-02 2.346531488001346588e-02
4.758573323488235474e-02 2.453438565135002136e-02
4.682751744985580444e-02 2.495241351425647736e-02
4.322728887200355530e-02 2.741603367030620575e-02
4.363548383116722107e-02 2.709331177175045013e-02
4.634553194046020508e-02 2.505387179553508759e-02
4.284562543034553528e-02 2.758745476603507996e-02
4.126691073179244995e-02 2.886947616934776306e-02
4.168740659952163696e-02 2.859825268387794495e-02
4.482733458280563354e-02 2.639335952699184418e-02
4.161743074655532837e-02 2.852908521890640259e-02
4.049488157033920288e-02 2.920545451343059540e-02
4.048844054341316223e-02 2.906446903944015503e-02
4.041064530611038208e-02 2.931384742259979248e-02
3.965552151203155518e-02 2.976103127002716064e-02
4.757221788167953491e-02 2.423606626689434052e-02
4.581629857420921326e-02 2.572422847151756287e-02
4.126717895269393921e-02 2.875764109194278717e-02
4.418411478400230408e-02 2.680900134146213531e-02
4.034481570124626160e-02 2.945362776517868042e-02
4.807397350668907166e-02 2.390276826918125153e-02
4.387771338224411011e-02 2.712423540651798248e-02
4.588504135608673096e-02 2.544556558132171631e-02
4.189286381006240845e-02 2.843625843524932861e-02
5.709012597799301147e-02 1.631638966500759125e-02
4.114378243684768677e-02 2.875924669206142426e-02
4.275511950254440308e-02 2.753236889839172363e-02
4.319475218653678894e-02 2.719541639089584351e-02
4.320722818374633789e-02 2.734116278588771820e-02
4.345062002539634705e-02 2.729387395083904266e-02
4.227963089942932129e-02 2.803702093660831451e-02
4.552884399890899658e-02 2.561134472489356995e-02
4.202921688556671143e-02 2.818296663463115692e-02
4.272229969501495361e-02 2.764866314828395844e-02
5.343974009156227112e-02 1.944285631179809570e-02
4.170940071344375610e-02 2.832730114459991455e-02
4.402866214513778687e-02 2.658200636506080627e-02
4.251781105995178223e-02 2.794420160353183746e-02
5.012803524732589722e-02 2.213045023381710052e-02
4.386021941900253296e-02 2.678385004401206970e-02
4.313112050294876099e-02 2.741487696766853333e-02
4.742120206356048584e-02 2.449568733572959900e-02
4.298735409975051880e-02 2.772721089422702789e-02
4.815298318862915039e-02 2.393809892237186432e-02
4.978933185338973999e-02 2.274185605347156525e-02
5.332549661397933960e-02 1.993376016616821289e-02
4.948002099990844727e-02 2.288473024964332581e-02
4.720979556441307068e-02 2.473837137222290039e-02
5.184766277670860291e-02 2.103373780846595764e-02
4.025603830814361572e-02 2.965097688138484955e-02
3.861798346042633057e-02 3.066918998956680298e-02
4.268053174018859863e-02 2.772804349660873413e-02
4.531330987811088562e-02 2.604100108146667480e-02
4.079230129718780518e-02 2.902715280652046204e-02
3.844426199793815613e-02 3.056656569242477417e-02
3.936339914798736572e-02 3.021843917667865753e-02
4.180818423628807068e-02 2.860012650489807129e-02
4.098949581384658813e-02 2.917896956205368042e-02
4.262482002377510071e-02 2.796190790832042694e-02
3.865762054920196533e-02 3.036678954958915710e-02
5.093214660882949829e-02 2.194284647703170776e-02
5.978569760918617249e-02 1.527093444019556046e-02
4.667020961642265320e-02 2.490182593464851379e-02
4.492755234241485596e-02 2.616853266954421997e-02
5.391402170062065125e-02 1.977022737264633179e-02
4.124846309423446655e-02 2.916485071182250977e-02
5.846372991800308228e-02 1.559904683381319046e-02
4.582468792796134949e-02 2.589539252221584320e-02
5.519612878561019897e-02 1.838140748441219330e-02
4.543739557266235352e-02 2.600693702697753906e-02
5.125011131167411804e-02 2.157303690910339355e-02
5.152947828173637390e-02 2.143641375005245209e-02
4.297389090061187744e-02 2.761157043278217316e-02
4.849906265735626221e-02 2.389962412416934967e-02
5.036783590912818909e-02 2.238362468779087067e-02
5.237083509564399719e-02 2.090722881257534027e-02
5.607227608561515808e-02 1.784358918666839600e-02
4.365677013993263245e-02 2.739799022674560547e-02
5.145315825939178467e-02 2.151453495025634766e-02
5.557704344391822815e-02 1.818159408867359161e-02
5.819236114621162415e-02 1.601337455213069916e-02
5.750014260411262512e-02 1.651565544307231903e-02
4.913396388292312622e-02 2.328267507255077362e-02
5.688779428601264954e-02 1.701522432267665863e-02
6.208798661828041077e-02 1.248056255280971527e-02
