6.210231408476829529e-02 1.193205919116735458e-02
6.329105794429779053e-02 1.023795921355485916e-02
6.314971297979354858e-02 1.085263863205909729e-02
6.311102211475372314e-02 1.065518800169229507e-02
6.326664984226226807e-02 1.049134042114019394e-02
6.311304867267608643e-02 1.108088158071041107e-02
6.316101551055908203e-02 1.085865404456853867e-02
6.324842572212219238e-02 1.067186053842306137e-02
6.315557658672332764e-02 1.071274094283580780e-02
6.319123506546020508e-02 1.086880359798669815e-02
6.326396763324737549e-02 1.102178730070590973e-02
6.320487707853317261e-02 1.102794334292411804e-02
6.093562021851539612e-02 1.326360553503036499e-02
6.311232596635818481e-02 1.125861331820487976e-02
6.328665465116500854e-02 1.074160635471343994e-02
6.308096647262573242e-02 1.133979298174381256e-02
6.348459422588348389e-02 1.090428698807954788e-02
6.325864046812057495e-02 1.136994361877441406e-02
6.323509663343429565e-02 1.160760689526796341e-02
6.337966024875640869e-02 1.161391194909811020e-02
6.346863508224487305e-02 1.175021566450595856e-02
6.343700736761093140e-02 1.163972169160842896e-02
6.326968222856521606e-02 1.204033382236957550e-02
6.324163824319839478e-02 1.176696177572011948e-02
6.328764557838439941e-02 1.226032525300979614e-02
6.310586631298065186e-02 1.190087385475635529e-02
6.327502429485321045e-02 1.190090645104646683e-02
6.321170926094055176e-02 1.197985373437404633e-02
6.311558932065963745e-02 1.165100745856761932e-02
6.305443495512008667e-02 1.194504089653491974e-02
6.320308148860931396e-02 1.213419996201992035e-02
6.285263597965240479e-02 1.187506131827831268e-02
6.282977759838104248e-02 1.167937554419040680e-02
6.312578171491622925e-02 1.175650022923946381e-02
6.307365000247955322e-02 1.051518414169549942e-02
6.321432441473007202e-02 1.147459633648395538e-02
6.346798688173294067e-02 1.180940773338079453e-02
6.324484199285507202e-02 1.068005152046680450e-02
6.353282183408737183e-02 1.046029292047023773e-02
6.331869959831237793e-02 1.058248709887266159e-02
6.331664323806762695e-02 1.045361626893281937e-02
6.347775459289550781e-02 1.071240380406379700e-02
6.328047811985015869e-02 1.081803813576698303e-02
6.336937099695205688e-02 1.117181684821844101e-02
6.345999985933303833e-02 1.078546792268753052e-02
6.324887275695800781e-02 1.082152687013149261e-02
6.321103125810623169e-02 1.085012964904308319e-02
6.330239772796630859e-02 1.059928722679615021e-02
6.328508257865905762e-02 1.059439964592456818e-02
6.346586346626281738e-02 9.662285447120666504e-03
6.362660229206085205e-02 9.329038672149181366e-03
6.361255794763565063e-02 9.692415595054626465e-03
6.347924470901489258e-02 9.112162515521049500e-03
6.352652609348297119e-02 9.794150479137897491e-03
6.352405250072479248e-02 1.003484707325696945e-02
6.337416172027587891e-02 1.003815513104200363e-02
6.304791569709777832e-02 1.078588701784610748e-02
6.315132975578308105e-02 1.045328658074140549e-02
6.308344751596450806e-02 1.046033855527639389e-02
6.282795965671539307e-02 1.118577457964420319e-02
6.253892183303833008e-02 1.170826517045497894e-02
6.261242926120758057e-02 1.137885730713605881e-02
6.295513361692428589e-02 1.061609201133251190e-02
6.230093538761138916e-02 1.180162560194730759e-02
6.077743694186210632e-02 1.348907500505447388e-02
6.167933717370033264e-02 1.263548247516155243e-02
6.211358308792114258e-02 1.236174255609512329e-02
6.226288527250289917e-02 1.258495543152093887e-02
6.024206802248954773e-02 1.327770855277776718e-02
6.170929968357086182e-02 1.228178571909666061e-02
5.918559059500694275e-02 1.498769037425518036e-02
5.861926823854446411e-02 1.533681992441415787e-02
6.072610244154930115e-02 1.360640302300453186e-02
5.868874490261077881e-02 1.531628146767616272e-02
6.346042454242706299e-02 1.125638000667095184e-02
6.282082945108413696e-02 1.170934829860925674e-02
6.301631033420562744e-02 1.157736219465732574e-02
6.343374401330947876e-02 1.149360090494155884e-02
6.314548850059509277e-02 1.157364435493946075e-02
6.328745931386947632e-02 1.146706938743591309e-02
6.293639540672302246e-02 1.149326283484697342e-02
6.296974420547485352e-02 1.196804549545049667e-02
6.310815364122390747e-02 1.181621290743350983e-02
6.321276724338531494e-02 1.179707143455743790e-02
6.317781656980514526e-02 1.193310320377349854e-02
6.308406591415405273e-02 1.192854344844818115e-02
6.323993951082229614e-02 1.189077273011207581e-02
6.298971176147460938e-02 1.186970248818397522e-02
6.304635852575302124e-02 1.167608238756656647e-02
6.293803453445434570e-02 1.171115040779113770e-02
6.294699758291244507e-02 1.138623803853988647e-02
6.307031959295272827e-02 1.132652629166841507e-02
6.299240142107009888e-02 1.118315383791923523e-02
6.292878836393356323e-02 1.118587143719196320e-02
6.303218752145767212e-02 1.103631313890218735e-02
6.302990019321441650e-02 1.125862542539834976e-02
6.298996508121490479e-02 1.087205111980438232e-02
6.289856135845184326e-02 1.115183345973491669e-02
6.284785270690917969e-02 1.135987788438796997e-02
6.295360624790191650e-02 1.106376573443412781e-02
6.275623291730880737e-02 1.136123016476631165e-02
6.283663958311080933e-02 1.144472602754831314e-02
6.296480447053909302e-02 1.128122862428426743e-02
6.289398670196533203e-02 1.176443137228488922e-02
6.280805170536041260e-02 1.199917774647474289e-02
6.195249408483505249e-02 1.259912736713886261e-02
5.980297178030014038e-02 1.457900367677211761e-02
6.320737302303314209e-02 1.128906570374965668e-02
6.335357576608657837e-02 1.101892068982124329e-02
6.319711357355117798e-02 1.111765485256910324e-02
6.287550926208496094e-02 1.116156764328479767e-02
6.346027553081512451e-02 1.058531552553176880e-02
6.336501240730285645e-02 1.061558444052934647e-02
6.344143301248550415e-02 1.020862068980932236e-02
6.343073397874832153e-02 9.958708658814430237e-03
6.335670500993728638e-02 1.058079581707715988e-02
6.339288502931594849e-02 9.612035006284713745e-03
6.292195618152618408e-02 1.058320794254541397e-02
6.052144616842269897e-02 1.364241819828748703e-02
6.286440789699554443e-02 1.107381470501422882e-02
6.253632158041000366e-02 1.142248697578907013e-02
6.313335895538330078e-02 1.078265998512506485e-02
6.309302896261215210e-02 1.075448654592037201e-02
6.285741180181503296e-02 1.075481250882148743e-02
6.320650130510330200e-02 1.052195578813552856e-02
6.333192437887191772e-02 1.046800427138805389e-02
6.223803013563156128e-02 1.151194795966148376e-02
6.300527602434158325e-02 1.039232313632965088e-02
6.320344656705856323e-02 1.025523804128170013e-02
6.327445060014724731e-02 1.086378190666437149e-02
6.288517266511917114e-02 1.088105328381061554e-02
6.338401883840560913e-02 1.060624700039625168e-02
6.125915423035621643e-02 1.281283982098102570e-02
6.132946908473968506e-02 1.270615123212337494e-02
6.094729900360107422e-02 1.285019051283597946e-02
5.088803172111511230e-02 2.173567749559879303e-02
5.982542783021926880e-02 1.383168436586856842e-02
5.581595376133918762e-02 1.762933656573295593e-02
6.317740678787231445e-02 1.123597193509340286e-02
5.963679775595664978e-02 1.462163031101226807e-02
6.367435306310653687e-02 1.106498483568429947e-02
6.387198716402053833e-02 1.053534261882305145e-02
6.222779676318168640e-02 1.228672824800014496e-02
6.314476579427719116e-02 1.094501093029975891e-02
6.377058476209640503e-02 1.037432067096233368e-02
6.379516422748565674e-02 1.051554549485445023e-02
6.368477642536163330e-02 1.070326566696166992e-02
6.369217485189437866e-02 1.052388455718755722e-02
6.357125937938690186e-02 1.111738663166761398e-02
6.373361498117446899e-02 1.101138442754745483e-02
6.359074264764785767e-02 1.081996038556098938e-02
6.349266320466995239e-02 1.045026723295450211e-02
6.356701254844665527e-02 1.010027993470430374e-02
6.362129002809524536e-02 1.086836680769920349e-02
6.361917406320571899e-02 1.074533630162477493e-02
6.361894309520721436e-02 1.095002330839633942e-02
6.352227926254272461e-02 1.082888431847095490e-02
6.320656836032867432e-02 1.169494632631540298e-02
6.344740837812423706e-02 1.029979530721902847e-02
6.345780193805694580e-02 1.087690796703100204e-02
6.322591751813888550e-02 1.083989534527063370e-02
6.348669528961181641e-02 1.108918525278568268e-02
6.327222287654876709e-02 1.221357192844152451e-02
6.326353549957275391e-02 1.239817310124635696e-02
6.344655901193618774e-02 1.208582241088151932e-02
5.970385298132896423e-02 1.442499086260795593e-02
6.053275987505912781e-02 1.377004664391279221e-02
6.198732182383537292e-02 1.267653889954090118e-02
5.983983725309371948e-02 1.461837347596883774e-02
6.313347071409225464e-02 1.193863712251186371e-02
6.289388984441757202e-02 1.189432386308908463e-02
6.277199089527130127e-02 1.202256791293621063e-02
6.278513371944427490e-02 1.201331056654453278e-02
6.266111135482788086e-02 1.191993430256843567e-02
6.369102746248245239e-02 1.102390792220830917e-02
6.370296329259872437e-02 1.121019758284091949e-02
6.371954083442687988e-02 1.065551210194826126e-02
6.382738053798675537e-02 1.073048170655965805e-02
6.368610262870788574e-02 1.164565328508615494e-02
6.357713788747787476e-02 1.108906883746385574e-02
6.364717334508895874e-02 1.106032077223062515e-02
6.382436305284500122e-02 1.042683050036430359e-02
6.322535127401351929e-02 1.107177883386611938e-02
6.275612860918045044e-02 1.121697574853897095e-02
6.211739778518676758e-02 1.240674499422311783e-02
6.122795119881629944e-02 1.302498206496238708e-02
6.308804452419281006e-02 1.114209461957216263e-02
6.246085464954376221e-02 1.185599341988563538e-02
6.287915259599685669e-02 1.163595449179410934e-02
6.303719431161880493e-02 1.098283845931291580e-02
6.346131861209869385e-02 1.103287003934383392e-02
6.284604966640472412e-02 1.149027235805988312e-02
6.300108134746551514e-02 1.105905696749687195e-02
6.308082491159439087e-02 1.123801153153181076e-02
6.310005486011505127e-02 1.087490655481815338e-02
6.305845826864242554e-02 1.125274319201707840e-02
6.330911815166473389e-02 1.077219098806381226e-02
6.295498460531234741e-02 1.138419471681118011e-02
6.321880966424942017e-02 1.142917014658451080e-02
6.319618970155715942e-02 1.113228499889373779e-02
6.320536881685256958e-02 1.084752101451158524e-02
6.308943778276443481e-02 1.198312267661094666e-02
6.293650716543197632e-02 1.106812898069620132e-02
6.294409930706024170e-02 1.126549206674098969e-02
6.321190297603607178e-02 1.222118828445672989e-02
6.334962695837020874e-02 1.177521422505378723e-02
6.337414681911468506e-02 1.170189026743173599e-02
6.304638832807540894e-02 1.151445601135492325e-02
6.311399489641189575e-02 1.186869386583566666e-02
6.306429207324981689e-02 1.194340456277132034e-02
6.305923312902450562e-02 1.213158573955297470e-02
6.307145953178405762e-02 1.183695066720247269e-02
6.305150687694549561e-02 1.216359250247478485e-02
6.312897056341171265e-02 1.178972795605659485e-02
6.311087310314178467e-02 1.121973711997270584e-02
6.279407441616058350e-02 1.203853450715541840e-02
6.292802840471267700e-02 1.215498987585306168e-02
6.296727061271667480e-02 1.216142065823078156e-02
6.167691573500633240e-02 1.319197099655866623e-02
6.178229302167892456e-02 1.294666901230812073e-02
6.336411088705062866e-02 1.179621182382106781e-02
6.314839422702789307e-02 1.178575679659843445e-02
6.299576163291931152e-02 1.180281769484281540e-02
6.303739547729492188e-02 1.189067959785461426e-02
6.342636048793792725e-02 1.163423713296651840e-02
6.354941427707672119e-02 1.161765865981578827e-02
6.319271773099899292e-02 1.177458092570304871e-02
6.297595798969268799e-02 1.189376506954431534e-02
6.360100954771041870e-02 1.129670161753892899e-02
6.345427036285400391e-02 1.108926720917224884e-02
6.344792991876602173e-02 1.102325692772865295e-02
6.339860707521438599e-02 1.130250003188848495e-02
6.335961818695068359e-02 1.141174882650375366e-02
6.274458765983581543e-02 1.192370336502790451e-02
6.294220685958862305e-02 1.177515182644128799e-02
6.346989423036575317e-02 1.167299505323171616e-02
6.349420547485351562e-02 1.165757235139608383e-02
6.336989253759384155e-02 1.122147124260663986e-02
6.319355219602584839e-02 1.135822013020515442e-02
6.326876580715179443e-02 1.126631628721952438e-02
6.327471882104873657e-02 1.106574572622776031e-02
6.342152506113052368e-02 1.081867888569831848e-02
6.349335610866546631e-02 1.068496517837047577e-02
6.307987868785858154e-02 1.074770092964172363e-02
6.335263699293136597e-02 1.083288155496120453e-02
6.364875286817550659e-02 1.033941097557544708e-02
6.362359970808029175e-02 1.042506936937570572e-02
6.347335129976272583e-02 1.019969303160905838e-02
6.359280645847320557e-02 1.036375015974044800e-02
6.340598315000534058e-02 1.060531940311193466e-02
6.359937041997909546e-02 1.063643209636211395e-02
6.350853294134140015e-02 1.039446610957384109e-02
6.349673122167587280e-02 1.031755562871694565e-02
6.348252296447753906e-02 1.015866640955209732e-02
6.312879174947738647e-02 1.078041270375251770e-02
6.298739463090896606e-02 1.068289950489997864e-02
6.280732899904251099e-02 1.116515323519706726e-02
6.308042258024215698e-02 1.095489040017127991e-02
6.235340237617492676e-02 1.174519397318363190e-02
6.297441571950912476e-02 1.140112709254026413e-02
6.056695058941841125e-02 1.387437246739864349e-02
6.204829365015029907e-02 1.255269162356853485e-02
6.276427209377288818e-02 1.180436834692955017e-02
6.225088238716125488e-02 1.235291548073291779e-02
6.326773017644882202e-02 1.101546455174684525e-02
6.313016265630722046e-02 1.137569174170494080e-02
6.285592168569564819e-02 1.156115811318159103e-02
5.815482884645462036e-02 1.572082936763763428e-02
6.254801154136657715e-02 1.157294027507305145e-02
5.893771350383758545e-02 1.488772779703140259e-02
6.197981908917427063e-02 1.242585759609937668e-02
6.334800273180007935e-02 1.105518266558647156e-02
6.020557135343551636e-02 1.389576308429241180e-02
6.286242604255676270e-02 1.145132351666688919e-02
6.352031975984573364e-02 1.056252792477607727e-02
6.331083923578262329e-02 1.121966727077960968e-02
6.331045925617218018e-02 1.053007412701845169e-02
6.318013370037078857e-02 1.136993709951639175e-02
6.215063482522964478e-02 1.182646863162517548e-02
6.344255059957504272e-02 1.062301453202962875e-02
6.247010082006454468e-02 1.157080568373203278e-02
6.271492689847946167e-02 1.143091171979904175e-02
6.313689798116683960e-02 1.054205186665058136e-02
6.317830085754394531e-02 1.092113368213176727e-02
6.344596296548843384e-02 1.040641032159328461e-02
6.303021311759948730e-02 1.070931367576122284e-02
6.319545954465866089e-02 1.074502430856227875e-02
6.361132115125656128e-02 1.019426621496677399e-02
6.362415850162506104e-02 1.001167669892311096e-02
6.279324740171432495e-02 1.075372193008661270e-02
6.201927363872528076e-02 1.191993709653615952e-02
6.225563213229179382e-02 1.159150432795286179e-02
6.336762011051177979e-02 1.038842089474201202e-02
6.310129165649414062e-02 1.084856875240802765e-02
6.312325596809387207e-02 1.092236861586570740e-02
6.323484331369400024e-02 1.087013073265552521e-02
6.284213066101074219e-02 1.188629027456045151e-02
6.274233758449554443e-02 1.110780052840709686e-02
6.322496384382247925e-02 1.049635466188192368e-02
6.320410966873168945e-02 1.127513963729143143e-02
6.096457690000534058e-02 1.319761388003826141e-02
6.357620656490325928e-02 1.121173147112131119e-02
6.355672329664230347e-02 1.121991872787475586e-02
6.321189552545547485e-02 1.066115312278270721e-02
6.306494772434234619e-02 1.100165583193302155e-02
6.326131522655487061e-02 1.091624423861503601e-02
6.355081498622894287e-02 1.099298242479562759e-02
6.299661844968795776e-02 1.207373384386301041e-02
6.364781409502029419e-02 1.114663761109113693e-02
6.373760104179382324e-02 1.128270477056503296e-02
6.365577131509780884e-02 1.035396941006183624e-02
6.385580450296401978e-02 1.016865111887454987e-02
6.381590664386749268e-02 1.087554823607206345e-02
6.356591731309890747e-02 1.051320694386959076e-02
6.384021043777465820e-02 1.027791947126388550e-02
6.370268017053604126e-02 1.114568766206502914e-02
6.377440690994262695e-02 1.081255450844764709e-02
6.367571651935577393e-02 1.077943481504917145e-02
6.354719400405883789e-02 1.082675904035568237e-02
6.344485282897949219e-02 1.122866105288267136e-02
6.355144828557968140e-02 1.047939062118530273e-02
6.357188522815704346e-02 1.080352254211902618e-02
6.339181214570999146e-02 1.046614255756139755e-02
6.323442608118057251e-02 1.073237694799900055e-02
6.331483274698257446e-02 1.095858123153448105e-02
6.323642283678054810e-02 1.102774403989315033e-02
6.323117017745971680e-02 1.094888150691986084e-02
6.341327726840972900e-02 1.086621079593896866e-02
6.348236650228500366e-02 1.127534732222557068e-02
6.336200237274169922e-02 1.112046651542186737e-02
6.332463771104812622e-02 1.148432027548551559e-02
6.354666501283645630e-02 1.106848195195198059e-02
6.320501118898391724e-02 1.165073178708553314e-02
6.361289322376251221e-02 1.128981355577707291e-02
6.340765208005905151e-02 1.157666463404893875e-02
6.297865509986877441e-02 1.208340004086494446e-02
6.365878134965896606e-02 1.157886069267988205e-02
6.363299489021301270e-02 1.153408270329236984e-02
6.339136511087417603e-02 1.045068539679050446e-02
6.364256888628005981e-02 1.119155809283256531e-02
6.370922178030014038e-02 1.129841152578592300e-02
6.356722116470336914e-02 1.078386791050434113e-02
6.365640461444854736e-02 1.075843721628189087e-02
6.337424367666244507e-02 1.106897741556167603e-02
6.345665454864501953e-02 1.068234816193580627e-02
6.339971721172332764e-02 1.023171283304691315e-02
6.361804902553558350e-02 1.022458914667367935e-02
6.358169764280319214e-02 1.007068064063787460e-02
6.341261416673660278e-02 1.050402130931615829e-02
6.357051432132720947e-02 1.049350760877132416e-02
6.355319917201995850e-02 1.045525725930929184e-02
6.355459988117218018e-02 9.956223890185356140e-03
6.351876258850097656e-02 1.010423805564641953e-02
6.365738064050674438e-02 1.011252123862504959e-02
6.360285729169845581e-02 1.083517726510763168e-02
6.256430596113204956e-02 1.131736766546964645e-02
6.347396969795227051e-02 1.056013721972703934e-02
6.354933232069015503e-02 1.027322746813297272e-02
6.362959742546081543e-02 1.065945997834205627e-02
6.348960846662521362e-02 1.025818660855293274e-02
6.356770545244216919e-02 1.026610843837261200e-02
6.359490752220153809e-02 1.022531371563673019e-02
6.352722644805908203e-02 1.088473573327064514e-02
6.352289766073226929e-02 1.064372621476650238e-02
6.337696313858032227e-02 1.111883111298084259e-02
6.321609765291213989e-02 1.107273250818252563e-02
6.027938425540924072e-02 1.386394537985324860e-02
6.341235339641571045e-02 1.133661624044179916e-02
6.344699114561080933e-02 1.072663348168134689e-02
6.350570172071456909e-02 1.100877486169338226e-02
6.346505135297775269e-02 1.062970049679279327e-02
6.349504739046096802e-02 1.147790998220443726e-02
6.186119839549064636e-02 1.212416961789131165e-02
6.341718137264251709e-02 1.126721687614917755e-02
6.342291831970214844e-02 1.090194564312696457e-02
6.336084753274917603e-02 1.076720003038644791e-02
6.359486281871795654e-02 1.034709904342889786e-02
6.302865594625473022e-02 1.137975044548511505e-02
6.308420002460479736e-02 1.156191900372505188e-02
6.353881210088729858e-02 1.103149447590112686e-02
6.087310612201690674e-02 1.330677978694438934e-02
6.297425925731658936e-02 1.132970955222845078e-02
6.128044053912162781e-02 1.283886935561895370e-02
6.284890323877334595e-02 1.161853130906820297e-02
6.308349221944808960e-02 1.124138105660676956e-02
6.097692623734474182e-02 1.338834408670663834e-02
6.023821607232093811e-02 1.372342370450496674e-02
6.262402236461639404e-02 1.182847656309604645e-02
6.093150749802589417e-02 1.339103840291500092e-02
6.358879804611206055e-02 1.048027072101831436e-02
6.370575726032257080e-02 1.094281487166881561e-02
6.280287355184555054e-02 1.162252761423587799e-02
6.326229870319366455e-02 1.114749349653720856e-02
6.353456526994705200e-02 1.105660200119018555e-02
6.296689808368682861e-02 1.143422909080982208e-02
6.035654246807098389e-02 1.399967260658740997e-02
6.241646036505699158e-02 1.194718200713396072e-02
6.266155093908309937e-02 1.215519942343235016e-02
6.355974823236465454e-02 1.110886223614215851e-02
6.354855000972747803e-02 1.086571719497442245e-02
6.356409937143325806e-02 1.069518737494945526e-02
6.331682205200195312e-02 1.098401378840208054e-02
6.266685575246810913e-02 1.156442519277334213e-02
6.047271564602851868e-02 1.376071665436029434e-02
6.151932477951049805e-02 1.227880269289016724e-02
6.358426809310913086e-02 1.075687445700168610e-02
6.361547857522964478e-02 1.046690437942743301e-02
6.359940767288208008e-02 1.021406333893537521e-02
6.359594315290451050e-02 1.049112435430288315e-02
6.365692615509033203e-02 1.027643680572509766e-02
6.378460675477981567e-02 1.061711832880973816e-02
6.366875767707824707e-02 1.015920192003250122e-02
6.372972577810287476e-02 1.009055785834789276e-02
6.350120157003402710e-02 1.065562106668949127e-02
6.270645558834075928e-02 1.138257607817649841e-02
6.331345438957214355e-02 1.071307808160781860e-02
6.386088579893112183e-02 1.050605624914169312e-02
6.374111026525497437e-02 1.058391109108924866e-02
6.382105499505996704e-02 1.049451250582933426e-02
6.363928318023681641e-02 1.064052991569042206e-02
6.345858424901962280e-02 1.112545188516378403e-02
6.367941945791244507e-02 1.077344082295894623e-02
6.373757123947143555e-02 1.097330357879400253e-02
6.366297602653503418e-02 1.059481780976057053e-02
6.365253031253814697e-02 1.095660589635372162e-02
6.299582868814468384e-02 1.168269105255603790e-02
6.253269314765930176e-02 1.181493513286113739e-02
6.219905987381935120e-02 1.226565986871719360e-02
6.260064989328384399e-02 1.149490755051374435e-02
6.363988667726516724e-02 1.107020489871501923e-02
6.366577744483947754e-02 1.136392075568437576e-02
6.352569162845611572e-02 1.138090062886476517e-02
6.201488524675369263e-02 1.237987447530031204e-02
6.369101256132125854e-02 1.132004614919424057e-02
6.345024704933166504e-02 1.105438545346260071e-02
6.358177959918975830e-02 1.072982605546712875e-02
6.336966156959533691e-02 1.071403920650482178e-02
6.290268152952194214e-02 1.136832870543003082e-02
6.357740610837936401e-02 1.041924953460693359e-02
6.344830989837646484e-02 1.067352853715419769e-02
6.359956413507461548e-02 1.049053017050027847e-02
6.354477256536483765e-02 1.063563860952854156e-02
6.362348049879074097e-02 1.074948906898498535e-02
6.346595287322998047e-02 1.064676046371459961e-02
6.353367120027542114e-02 1.030627824366092682e-02
6.342796236276626587e-02 1.050483528524637222e-02
6.363970786333084106e-02 1.056449115276336670e-02
6.359575688838958740e-02 1.080488227307796478e-02
6.366525590419769287e-02 1.056533027440309525e-02
6.362890452146530151e-02 1.047195028513669968e-02
6.377039104700088501e-02 1.073944289237260818e-02
6.326855719089508057e-02 1.043217629194259644e-02
6.285472959280014038e-02 1.129824016243219376e-02
6.330852955579757690e-02 1.057009957730770111e-02
6.233840435743331909e-02 1.182686537504196167e-02
6.320982426404953003e-02 1.100854016840457916e-02
5.840405449271202087e-02 1.536237448453903198e-02
6.208091974258422852e-02 1.208762638270854950e-02
6.014861166477203369e-02 1.372238900512456894e-02
6.223100796341896057e-02 1.216701138764619827e-02
6.305466592311859131e-02 1.190802454948425293e-02
6.130654737353324890e-02 1.287020463496446609e-02
6.331095844507217407e-02 1.165180653333663940e-02
6.281876564025878906e-02 1.152847800403833389e-02
6.238357722759246826e-02 1.181114185601472855e-02
6.167263537645339966e-02 1.304817292839288712e-02
6.292148679494857788e-02 1.157849840819835663e-02
5.494068190455436707e-02 1.857471093535423279e-02
6.295593082904815674e-02 1.163838058710098267e-02
6.181221827864646912e-02 1.284724287688732147e-02
6.087339296936988831e-02 1.346479449421167374e-02
6.273965537548065186e-02 1.150375697761774063e-02
6.186058744788169861e-02 1.245971396565437317e-02
6.219761073589324951e-02 1.222117245197296143e-02
6.219672784209251404e-02 1.222559623420238495e-02
6.227244809269905090e-02 1.220259722322225571e-02
6.222698464989662170e-02 1.204164326190948486e-02
6.252139806747436523e-02 1.141034066677093506e-02
6.303408741950988770e-02 1.094705052673816681e-02
6.303155422210693359e-02 1.096944045275449753e-02
6.312007457017898560e-02 1.158132031559944153e-02
6.144583225250244141e-02 1.273544039577245712e-02
6.314258277416229248e-02 1.022821851074695587e-02
6.306055933237075806e-02 1.064315624535083771e-02
6.211102008819580078e-02 1.173290703445672989e-02
6.261286139488220215e-02 1.176130212843418121e-02
6.290758401155471802e-02 1.070032548159360886e-02
6.296361982822418213e-02 1.065547391772270203e-02
6.302338838577270508e-02 1.054806634783744812e-02
6.296408176422119141e-02 1.061992160975933075e-02
6.288278847932815552e-02 1.089548505842685699e-02
6.291512399911880493e-02 1.109260600060224533e-02
6.263148784637451172e-02 1.122309640049934387e-02
6.253115832805633545e-02 1.131088752299547195e-02
6.272769719362258911e-02 1.083699055016040802e-02
6.273573637008666992e-02 1.131522562354803085e-02
6.289035826921463013e-02 1.093068439513444901e-02
6.260678172111511230e-02 1.118754781782627106e-02
6.259310245513916016e-02 1.094274409115314484e-02
6.267590075731277466e-02 1.087189000099897385e-02
6.289009749889373779e-02 1.064321584999561310e-02
5.649144947528839111e-02 1.688379794359207153e-02
6.240486353635787964e-02 1.126065943390130997e-02
6.202752888202667236e-02 1.166547834873199463e-02
6.189040094614028931e-02 1.197024621069431305e-02
6.279753148555755615e-02 1.083566900342702866e-02
6.288427114486694336e-02 1.123637799173593521e-02
6.296432018280029297e-02 1.150344219058752060e-02
6.276375800371170044e-02 1.161485910415649414e-02
6.277330964803695679e-02 1.213687472045421600e-02
5.430971086025238037e-02 1.899595372378826141e-02
6.187357753515243530e-02 1.217999868094921112e-02
5.803408846259117126e-02 1.549421250820159912e-02
6.071399152278900146e-02 1.315526850521564484e-02
6.100279465317726135e-02 1.285972725600004196e-02
5.995648354291915894e-02 1.371869258582592010e-02
6.319134682416915894e-02 1.204231195151805878e-02
6.221942603588104248e-02 1.289328653365373611e-02
6.304710358381271362e-02 1.218444574624300003e-02
6.326884776353836060e-02 1.183592434972524643e-02
6.092586740851402283e-02 1.352217793464660645e-02
6.336526572704315186e-02 1.145648024976253510e-02
6.333815306425094604e-02 1.159735023975372314e-02
6.339132785797119141e-02 1.156380679458379745e-02
6.332864612340927124e-02 1.139794848859310150e-02
6.323809921741485596e-02 1.180529966950416565e-02
6.327040493488311768e-02 1.112980023026466370e-02
6.302775442600250244e-02 1.168146077543497086e-02
6.309756636619567871e-02 1.177331525832414627e-02
6.328379362821578979e-02 1.079505495727062225e-02
6.337089836597442627e-02 1.172304153442382812e-02
6.318289041519165039e-02 1.182181667536497116e-02
6.332372874021530151e-02 1.127913314849138260e-02
6.311013549566268921e-02 1.198890618979930878e-02
6.319262832403182983e-02 1.212091092020273209e-02
6.316388398408889771e-02 1.184349227696657181e-02
6.307534873485565186e-02 1.173707749694585800e-02
6.314733624458312988e-02 1.175455749034881592e-02
6.307179480791091919e-02 1.215262617915868759e-02
6.323920190334320068e-02 1.209028717130422592e-02
6.313323229551315308e-02 1.133553404361009598e-02
6.324376165866851807e-02 1.128373108804225922e-02
6.317978352308273315e-02 1.062969584017992020e-02
6.330353021621704102e-02 1.094314455986022949e-02
6.301265954971313477e-02 1.147552020847797394e-02
6.308170408010482788e-02 1.172658801078796387e-02
6.278956681489944458e-02 1.160743553191423416e-02
6.275502592325210571e-02 1.152654737234115601e-02
6.286787241697311401e-02 1.113427150994539261e-02
6.286226958036422729e-02 1.139395125210285187e-02
6.264497339725494385e-02 1.152792200446128845e-02
6.280188262462615967e-02 1.154190115630626678e-02
6.275264918804168701e-02 1.150968670845031738e-02
6.277520954608917236e-02 1.194056961685419083e-02
6.302554905414581299e-02 1.109531614929437637e-02
6.297913938760757446e-02 1.156459748744964600e-02
6.307236850261688232e-02 1.147362869232892990e-02
6.296716630458831787e-02 1.119739748537540436e-02
6.338003277778625488e-02 1.002525351941585541e-02
6.332305818796157837e-02 1.080790162086486816e-02
6.304734945297241211e-02 1.103688683360815048e-02
6.324087083339691162e-02 1.156680379062891006e-02
6.327872723340988159e-02 1.191579364240169525e-02
6.331146508455276489e-02 1.196405943483114243e-02
6.323765218257904053e-02 1.162486430257558823e-02
6.320641189813613892e-02 1.200277637690305710e-02
6.318840384483337402e-02 1.114708837121725082e-02
6.182243674993515015e-02 1.245825830847024918e-02
6.317613273859024048e-02 1.075546443462371826e-02
6.325491517782211304e-02 1.049933023750782013e-02
6.274061650037765503e-02 1.122666243463754654e-02
6.352471560239791870e-02 1.023790519684553146e-02
6.355930119752883911e-02 1.087237615138292313e-02
5.943524092435836792e-02 1.455322466790676117e-02
6.008116155862808228e-02 1.436083950102329254e-02
6.234717369079589844e-02 1.244272571057081223e-02
6.310042738914489746e-02 1.162980776280164719e-02
6.081067770719528198e-02 1.374036539345979691e-02
6.308598071336746216e-02 1.129311230033636093e-02
6.313099712133407593e-02 1.136949751526117325e-02
6.205582246184349060e-02 1.295613776892423630e-02
5.389232933521270752e-02 1.952870190143585205e-02
5.379859358072280884e-02 1.970497146248817444e-02
6.328311562538146973e-02 1.138952840119600296e-02
6.327956914901733398e-02 1.127009280025959015e-02
6.101837754249572754e-02 1.368680130690336227e-02
6.215962395071983337e-02 1.235664729028940201e-02
6.300435215234756470e-02 1.122114621102809906e-02
6.288716942071914673e-02 1.104698702692985535e-02
6.307578086853027344e-02 1.069878786802291870e-02
6.283220648765563965e-02 1.027617976069450378e-02
5.325274169445037842e-02 1.951981894671916962e-02
6.162233650684356689e-02 1.221208088099956512e-02
5.647191777825355530e-02 1.724815927445888519e-02
5.231436714529991150e-02 2.063626050949096680e-02
6.272541731595993042e-02 1.154148019850254059e-02
6.284683942794799805e-02 1.138970721513032913e-02
6.240784376859664917e-02 1.162176113575696945e-02
6.097370386123657227e-02 1.257262472063302994e-02
6.242866069078445435e-02 1.167071890085935593e-02
6.276682019233703613e-02 1.114014070481061935e-02
6.039564684033393860e-02 1.383840292692184448e-02
6.135682761669158936e-02 1.252592541277408600e-02
5.839480832219123840e-02 1.521395239979028702e-02
6.137345731258392334e-02 1.207014545798301697e-02
6.267242133617401123e-02 1.149482652544975281e-02
6.292515248060226440e-02 1.090371049940586090e-02
6.278087943792343140e-02 1.156445033848285675e-02
6.268352270126342773e-02 1.106024067848920822e-02
6.291023641824722290e-02 1.101970113813877106e-02
5.966584756970405579e-02 1.416866667568683624e-02
6.077031046152114868e-02 1.327403262257575989e-02
6.332439184188842773e-02 1.128977164626121521e-02
6.218086928129196167e-02 1.195943076163530350e-02
6.166458502411842346e-02 1.268352475017309189e-02
6.220753490924835205e-02 1.224327459931373596e-02
6.292869895696640015e-02 1.156574208289384842e-02
6.301388144493103027e-02 1.228819601237773895e-02
6.016900762915611267e-02 1.353789120912551880e-02
4.251849651336669922e-02 2.815416641533374786e-02
6.077586114406585693e-02 1.302817091345787048e-02
5.518273636698722839e-02 1.828810013830661774e-02
5.568790808320045471e-02 1.786719821393489838e-02
5.358698591589927673e-02 1.960789598524570465e-02
5.550943315029144287e-02 1.771379634737968445e-02
6.120018288493156433e-02 1.316250581294298172e-02
6.316795200109481812e-02 1.122969295829534531e-02
6.275939196348190308e-02 1.149825006723403931e-02
5.285356938838958740e-02 2.021155320107936859e-02
5.196018889546394348e-02 2.084003388881683350e-02
5.420733243227005005e-02 1.929663680493831635e-02
5.895628407597541809e-02 1.509942021220922470e-02
5.607334896922111511e-02 1.752497442066669464e-02
5.252276360988616943e-02 2.048214152455329895e-02
5.901418626308441162e-02 1.510083675384521484e-02
5.667446181178092957e-02 1.683282107114791870e-02
6.079527735710144043e-02 1.302488148212432861e-02
5.994349718093872070e-02 1.375917624682188034e-02
5.017136037349700928e-02 2.224095351994037628e-02
6.185569614171981812e-02 1.194281596690416336e-02
6.078139692544937134e-02 1.279829721897840500e-02
5.914896726608276367e-02 1.436070911586284637e-02
6.225967407226562500e-02 1.165224239230155945e-02
5.887924134731292725e-02 1.469679456204175949e-02
6.241966038942337036e-02 1.144217420369386673e-02
6.158836930990219116e-02 1.231510192155838013e-02
6.233486905694007874e-02 1.158513780683279037e-02
6.274534016847610474e-02 1.086674444377422333e-02
6.234067678451538086e-02 1.167099736630916595e-02
6.170212849974632263e-02 1.202908717095851898e-02
6.231381744146347046e-02 1.143262535333633423e-02
6.256014853715896606e-02 1.142681017518043518e-02
6.265944242477416992e-02 1.074465271085500717e-02
6.227836012840270996e-02 1.137413550168275833e-02
6.216020137071609497e-02 1.167224254459142685e-02
6.091621890664100647e-02 1.293509639799594879e-02
6.165685504674911499e-02 1.205890066921710968e-02
6.004204601049423218e-02 1.322903577238321304e-02
6.160496920347213745e-02 1.199002563953399658e-02
6.011258438229560852e-02 1.351455692201852798e-02
6.226775795221328735e-02 1.150389853864908218e-02
6.192115321755409241e-02 1.192571502178907394e-02
5.397127568721771240e-02 1.900569908320903778e-02
5.924108251929283142e-02 1.425715629011392593e-02
6.004992872476577759e-02 1.376299839466810226e-02
5.466660112142562866e-02 1.830681972205638885e-02
5.667475238442420959e-02 1.665247231721878052e-02
6.156450882554054260e-02 1.226106192916631699e-02
6.157929450273513794e-02 1.200236286967992783e-02
6.184995174407958984e-02 1.217923406511545181e-02
6.208754330873489380e-02 1.156006287783384323e-02
5.522621423006057739e-02 1.811885088682174683e-02
6.109339743852615356e-02 1.262325234711170197e-02
5.571330711245536804e-02 1.740933582186698914e-02
5.950520187616348267e-02 1.421991921961307526e-02
6.236148253083229065e-02 1.154317986220121384e-02
6.205431371927261353e-02 1.175058167427778244e-02
5.577875673770904541e-02 1.748059689998626709e-02
6.238596141338348389e-02 1.177739724516868591e-02
6.062338501214981079e-02 1.327366195619106293e-02
6.296097487211227417e-02 1.109645050019025803e-02
5.526071414351463318e-02 1.802071556448936462e-02
6.293121725320816040e-02 1.118135079741477966e-02
6.315363198518753052e-02 1.100922934710979462e-02
5.452142283320426941e-02 1.868467032909393311e-02
6.284266710281372070e-02 1.121669076383113861e-02
6.162106618285179138e-02 1.227320265024900436e-02
6.314471364021301270e-02 1.073351409286260605e-02
6.266897916793823242e-02 1.131727173924446106e-02
6.205749511718750000e-02 1.199863292276859283e-02
6.285469979047775269e-02 1.112097967416048050e-02
6.293773651123046875e-02 1.103211194276809692e-02
6.306940317153930664e-02 1.081470120698213577e-02
6.295747309923171997e-02 1.077376492321491241e-02
6.307505816221237183e-02 1.078607887029647827e-02
6.276411563158035278e-02 1.111626811325550079e-02
5.812739953398704529e-02 1.559303700923919678e-02
6.273921579122543335e-02 1.113750599324703217e-02
6.255821138620376587e-02 1.129399053752422333e-02
6.270989775657653809e-02 1.121167000383138657e-02
6.287135928869247437e-02 1.062595471739768982e-02
6.271510571241378784e-02 1.112485583871603012e-02
6.283370405435562134e-02 1.078601088374853134e-02
6.271406263113021851e-02 1.086748577654361725e-02
6.269431114196777344e-02 1.116999983787536621e-02
6.258124113082885742e-02 1.098780147731304169e-02
6.257183849811553955e-02 1.140142139047384262e-02
6.191506236791610718e-02 1.192799117416143417e-02
6.294103711843490601e-02 1.091860607266426086e-02
6.309457123279571533e-02 1.092700101435184479e-02
6.296974420547485352e-02 1.126500219106674194e-02
6.329028308391571045e-02 1.032164692878723145e-02
6.234299764037132263e-02 1.196249015629291534e-02
6.233569979667663574e-02 1.179630402475595474e-02
6.259174644947052002e-02 1.177499163895845413e-02
5.882493779063224792e-02 1.502802129834890366e-02
6.121737509965896606e-02 1.287714391946792603e-02
6.299815326929092407e-02 1.163299754261970520e-02
6.295946985483169556e-02 1.144127082079648972e-02
6.307934224605560303e-02 1.060711219906806946e-02
6.312908977270126343e-02 1.108831167221069336e-02
6.266897171735763550e-02 1.118520274758338928e-02
5.675980821251869202e-02 1.660444587469100952e-02
6.261961162090301514e-02 1.117248274385929108e-02
6.310941278934478760e-02 1.103551592677831650e-02
6.264472007751464844e-02 1.134758070111274719e-02
6.270286440849304199e-02 1.148045994341373444e-02
6.325396150350570679e-02 1.019690185785293579e-02
6.326873600482940674e-02 1.021782122552394867e-02
6.317609548568725586e-02 1.037364266812801361e-02
6.331361085176467896e-02 1.016204804182052612e-02
6.335952132940292358e-02 1.029645372182130814e-02
6.351349502801895142e-02 9.805769659578800201e-03
6.337022781372070312e-02 1.000863593071699142e-02
6.332793831825256348e-02 1.003844104707241058e-02
6.345315277576446533e-02 1.006597373634576797e-02
6.058591604232788086e-02 1.288636773824691772e-02
6.326381117105484009e-02 1.031917706131935120e-02
5.626902356743812561e-02 1.683176495134830475e-02
5.693004652857780457e-02 1.626420393586158752e-02
6.342530995607376099e-02 1.024228241294622421e-02
6.333786994218826294e-02 9.932729415595531464e-03
6.336242705583572388e-02 1.029987260699272156e-02
6.311631202697753906e-02 1.048429589718580246e-02
6.286662071943283081e-02 1.080497354269027710e-02
6.341409683227539062e-02 1.013877242803573608e-02
6.288884580135345459e-02 1.076813600957393646e-02
6.320087611675262451e-02 1.015469338744878769e-02
6.298093497753143311e-02 1.100219599902629852e-02
6.310217082500457764e-02 1.049949880689382553e-02
6.298053264617919922e-02 1.091857254505157471e-02
6.335150450468063354e-02 1.052263658493757248e-02
6.312509626150131226e-02 1.060542743653059006e-02
6.321828067302703857e-02 1.042166166007518768e-02
6.326376646757125854e-02 1.041734497994184494e-02
6.339495629072189331e-02 1.011454313993453979e-02
6.321039050817489624e-02 1.022780593484640121e-02
6.310296803712844849e-02 1.075412612408399582e-02
6.312491744756698608e-02 1.059647742658853531e-02
6.271006911993026733e-02 1.113692671060562134e-02
6.084315851330757141e-02 1.312404125928878784e-02
5.886956676840782166e-02 1.487504318356513977e-02
6.175870075821876526e-02 1.211367826908826828e-02
5.978340655565261841e-02 1.415669173002243042e-02
6.317611783742904663e-02 1.139309257268905640e-02
6.341494619846343994e-02 1.064921170473098755e-02
6.348458677530288696e-02 1.029029022902250290e-02
6.321438401937484741e-02 1.108841877430677414e-02
6.346172094345092773e-02 1.057213265448808670e-02
6.093049049377441406e-02 1.289272494614124298e-02
6.096085160970687866e-02 1.293185260146856308e-02
6.280503422021865845e-02 1.141981966793537140e-02
6.289556622505187988e-02 1.112860441207885742e-02
6.158972904086112976e-02 1.242026221007108688e-02
6.331685930490493774e-02 1.064066123217344284e-02
6.307900696992874146e-02 1.107034832239151001e-02
6.316483765840530396e-02 1.113413833081722260e-02
6.319009512662887573e-02 1.097781583666801453e-02
6.321780383586883545e-02 1.090505439788103104e-02
6.312946230173110962e-02 1.110129151493310928e-02
6.304685771465301514e-02 1.102017425000667572e-02
6.321486830711364746e-02 1.106497924774885178e-02
6.277086585760116577e-02 1.192304585129022598e-02
6.296472251415252686e-02 1.103223673999309540e-02
6.302312016487121582e-02 1.120701059699058533e-02
5.332984030246734619e-02 1.987295597791671753e-02
6.305515766143798828e-02 1.106101740151643753e-02
6.291094422340393066e-02 1.117505319416522980e-02
6.279190629720687866e-02 1.167805772274732590e-02
6.297624856233596802e-02 1.067806314677000046e-02
6.301956623792648315e-02 1.107697468250989914e-02
6.298897415399551392e-02 1.139007136225700378e-02
6.309647113084793091e-02 1.116794720292091370e-02
6.311554461717605591e-02 1.159987784922122955e-02
6.312785297632217407e-02 1.188683323562145233e-02
6.312052160501480103e-02 1.178421638906002045e-02
6.311711668968200684e-02 1.101375557482242584e-02
6.273546069860458374e-02 1.134125888347625732e-02
6.285224854946136475e-02 1.141654793173074722e-02
6.290572136640548706e-02 1.161439251154661179e-02
6.282448023557662964e-02 1.120923366397619247e-02
6.305957585573196411e-02 1.135323569178581238e-02
6.274067610502243042e-02 1.131739467382431030e-02
6.270750612020492554e-02 1.135177537798881531e-02
6.275220960378646851e-02 1.151895150542259216e-02
6.285893172025680542e-02 1.152567472308874130e-02
6.300055235624313354e-02 1.144671533256769180e-02
6.296869367361068726e-02 1.147440448403358459e-02
6.291168928146362305e-02 1.135692000389099121e-02
6.315532326698303223e-02 1.172661967575550079e-02
6.296271085739135742e-02 1.168190874159336090e-02
6.205793470144271851e-02 1.262188516557216644e-02
6.316588073968887329e-02 1.156306918710470200e-02
6.316696107387542725e-02 1.102339569479227066e-02
6.313790380954742432e-02 1.137061975896358490e-02
6.329070776700973511e-02 1.099395938217639923e-02
6.318634003400802612e-02 1.109662558883428574e-02
6.315313279628753662e-02 1.149123255163431168e-02
6.310584396123886108e-02 1.148699875921010971e-02
6.305045634508132935e-02 1.162396371364593506e-02
6.191226467490196228e-02 1.260966993868350983e-02
6.212309747934341431e-02 1.226825546473264694e-02
6.271706521511077881e-02 1.159100420773029327e-02
6.254830211400985718e-02 1.139867398887872696e-02
6.108757108449935913e-02 1.278130430728197098e-02
6.319040060043334961e-02 1.077267434448003769e-02
5.731272697448730469e-02 1.618427783250808716e-02
6.307797878980636597e-02 1.094869617372751236e-02
6.316937506198883057e-02 1.116285473108291626e-02
6.305553764104843140e-02 1.147161610424518585e-02
6.330867856740951538e-02 1.069125533103942871e-02
6.255506724119186401e-02 1.198296062648296356e-02
6.315546482801437378e-02 1.160742342472076416e-02
6.331598758697509766e-02 1.137310639023780823e-02
6.306232511997222900e-02 1.084462180733680725e-02
6.326556950807571411e-02 1.098631136119365692e-02
6.314576417207717896e-02 1.094134524464607239e-02
6.325148791074752808e-02 1.084262970834970474e-02
6.316907703876495361e-02 1.093653682619333267e-02
6.321579962968826294e-02 1.133619528263807297e-02
6.306847929954528809e-02 1.081789191812276840e-02
6.310366094112396240e-02 1.057758741080760956e-02
6.308998167514801025e-02 1.079248450696468353e-02
6.312222778797149658e-02 1.055172551423311234e-02
6.328067928552627563e-02 1.070255786180496216e-02
6.315790116786956787e-02 1.098007056862115860e-02
6.321329623460769653e-02 1.129924319684505463e-02
6.306511908769607544e-02 1.074128877371549606e-02
6.289969384670257568e-02 1.101376116275787354e-02
6.300491094589233398e-02 1.079002954065799713e-02
6.300298869609832764e-02 1.064002607017755508e-02
6.305360049009323120e-02 1.041204202920198441e-02
6.312388926744461060e-02 1.071872562170028687e-02
6.287056952714920044e-02 1.119326800107955933e-02
6.304522603750228882e-02 1.020131260156631470e-02
6.278043240308761597e-02 1.139678619801998138e-02
6.299305707216262817e-02 1.065355911850929260e-02
6.298667937517166138e-02 1.045367494225502014e-02
6.301206350326538086e-02 1.044435799121856689e-02
6.302814185619354248e-02 1.146516203880310059e-02
6.320644915103912354e-02 1.049313507974147797e-02
6.309761852025985718e-02 9.749693796038627625e-03
6.340155750513076782e-02 9.229967370629310608e-03
6.331571191549301147e-02 9.386821649968624115e-03
6.316491216421127319e-02 9.971262887120246887e-03
6.354274600744247437e-02 9.571389295160770416e-03
6.331469863653182983e-02 9.982009418308734894e-03
6.365829706192016602e-02 9.415023960173130035e-03
6.336257606744766235e-02 9.617384523153305054e-03
6.340037286281585693e-02 9.553384035825729370e-03
6.344597786664962769e-02 1.007349696010351181e-02
6.289040297269821167e-02 1.097091846168041229e-02
6.279575079679489136e-02 1.130270119756460190e-02
6.296785175800323486e-02 1.109226047992706299e-02
6.312733143568038940e-02 1.075479388236999512e-02
6.326957792043685913e-02 1.073720213025808334e-02
6.251833587884902954e-02 1.138081122189760208e-02
6.287316977977752686e-02 1.099713798612356186e-02
6.278976052999496460e-02 1.096433307975530624e-02
6.292358785867691040e-02 1.087331399321556091e-02
6.298398971557617188e-02 1.083948835730552673e-02
6.287265568971633911e-02 1.095345802605152130e-02
6.308414787054061890e-02 1.126251090317964554e-02
6.315191090106964111e-02 1.103209983557462692e-02
6.312253326177597046e-02 1.098434999585151672e-02
6.301730126142501831e-02 1.060619764029979706e-02
6.314425915479660034e-02 1.057267282158136368e-02
6.311771273612976074e-02 1.067516859620809555e-02
6.312623620033264160e-02 1.084941998124122620e-02
6.296983361244201660e-02 1.109824609011411667e-02
6.241362169384956360e-02 1.227290369570255280e-02
6.295175850391387939e-02 1.128908153623342514e-02
6.292508542537689209e-02 1.144052110612392426e-02
6.288381665945053101e-02 1.070054806768894196e-02
6.295900046825408936e-02 1.082073897123336792e-02
6.281393766403198242e-02 1.076645124703645706e-02
6.306257098913192749e-02 1.094220113009214401e-02
6.302960216999053955e-02 1.161626353859901428e-02
6.302019208669662476e-02 1.137953530997037888e-02
6.277530640363693237e-02 1.091235503554344177e-02
6.302195042371749878e-02 1.141579635441303253e-02
6.274589896202087402e-02 1.093364786356687546e-02
6.252072751522064209e-02 1.117729023098945618e-02
6.271559745073318481e-02 1.172681059688329697e-02
6.264752149581909180e-02 1.131578348577022552e-02
6.282752752304077148e-02 1.067505870014429092e-02
6.259112060070037842e-02 1.111454144120216370e-02
6.268400698900222778e-02 1.134871412068605423e-02
6.281538307666778564e-02 1.141418609768152237e-02
6.299391388893127441e-02 1.118278130888938904e-02
6.303983926773071289e-02 1.125748828053474426e-02
6.317923963069915771e-02 1.160902343690395355e-02
6.287714093923568726e-02 1.140276435762643814e-02
6.330793350934982300e-02 1.125425472855567932e-02
6.308840215206146240e-02 1.099713612347841263e-02
6.313447654247283936e-02 1.089660730212926865e-02
6.320174038410186768e-02 1.069352030754089355e-02
6.302227824926376343e-02 1.080978102982044220e-02
6.326213479042053223e-02 1.067920308560132980e-02
6.299296021461486816e-02 1.081062667071819305e-02
6.318972259759902954e-02 1.042792294174432755e-02
6.322782486677169800e-02 1.033848337829113007e-02
6.311495602130889893e-02 1.037187688052654266e-02
6.302811205387115479e-02 1.040343940258026123e-02
6.301688402891159058e-02 1.052938122302293777e-02
6.307396292686462402e-02 1.005583442747592926e-02
6.232631951570510864e-02 1.124351844191551208e-02
6.320760399103164673e-02 1.038019917905330658e-02
6.252925097942352295e-02 1.057730149477720261e-02
6.335168331861495972e-02 1.004387252032756805e-02
6.304536014795303345e-02 1.062875986099243164e-02
6.318752467632293701e-02 1.049464568495750427e-02
6.162757053971290588e-02 1.237862557172775269e-02
6.308575719594955444e-02 1.044774614274501801e-02
6.299561262130737305e-02 1.049967203289270401e-02
6.319165229797363281e-02 1.054702885448932648e-02
6.322874873876571655e-02 1.005320064723491669e-02
6.331031024456024170e-02 1.107537094503641129e-02
6.311815232038497925e-02 1.053218077868223190e-02
6.322012096643447876e-02 1.076920144259929657e-02
6.302915513515472412e-02 1.108156517148017883e-02
6.321377307176589966e-02 1.029641553759574890e-02
6.324630230665206909e-02 1.105206087231636047e-02
6.318461894989013672e-02 1.044194400310516357e-02
6.314390897750854492e-02 1.066349819302558899e-02
6.299523264169692993e-02 1.055183261632919312e-02
6.312553584575653076e-02 1.082058064639568329e-02
6.332757323980331421e-02 1.070597581565380096e-02
6.300485879182815552e-02 9.996389970183372498e-03
6.307812035083770752e-02 1.046305894851684570e-02
6.293128430843353271e-02 1.044469326734542847e-02
6.294043362140655518e-02 1.084997504949569702e-02
6.291955709457397461e-02 1.073354948312044144e-02
6.298419088125228882e-02 1.031666342169046402e-02
6.271775811910629272e-02 1.106967497617006302e-02
6.282989680767059326e-02 1.077595911920070648e-02
6.293083727359771729e-02 1.094946172088384628e-02
6.298045068979263306e-02 1.009538583457469940e-02
6.299164146184921265e-02 1.081664860248565674e-02
6.283541768789291382e-02 1.137888431549072266e-02
6.290671974420547485e-02 1.032001245766878128e-02
6.286232173442840576e-02 1.110031642019748688e-02
6.293842941522598267e-02 1.071393489837646484e-02
6.061784178018569946e-02 1.254334952682256699e-02
6.315998733043670654e-02 1.047696545720100403e-02
6.316687166690826416e-02 1.059016212821006775e-02
6.347483396530151367e-02 9.846729226410388947e-03
6.340530514717102051e-02 1.107035111635923386e-02
6.328318268060684204e-02 1.102314796298742294e-02
6.333692371845245361e-02 1.059792283922433853e-02
6.320071965456008911e-02 1.072209607809782028e-02
6.288678199052810669e-02 1.135011296719312668e-02
6.337945908308029175e-02 1.077898312360048294e-02
6.267043948173522949e-02 1.162067428231239319e-02
6.340130418539047241e-02 1.041511632502079010e-02
6.325630843639373779e-02 1.121099479496479034e-02
6.277025490999221802e-02 1.166682969778776169e-02
6.328591704368591309e-02 1.159463077783584595e-02
6.326343864202499390e-02 1.153030805289745331e-02
6.334703415632247925e-02 1.124085765331983566e-02
6.344962865114212036e-02 1.107446383684873581e-02
6.347082555294036865e-02 1.117059495300054550e-02
6.070492044091224670e-02 1.306959800422191620e-02
6.337229907512664795e-02 1.024580467492341995e-02
6.356003880500793457e-02 1.054863072931766510e-02
6.340015679597854614e-02 1.052102539688348770e-02
6.343921273946762085e-02 9.839678183197975159e-03
6.356702744960784912e-02 1.016604155302047729e-02
6.319964677095413208e-02 1.150584779679775238e-02
6.359796971082687378e-02 1.021795440465211868e-02
6.358580291271209717e-02 1.016413979232311249e-02
6.355376541614532471e-02 1.034313812851905823e-02
6.347666680812835693e-02 1.040544547140598297e-02
6.329974532127380371e-02 1.067215483635663986e-02
6.328774988651275635e-02 1.071749813854694366e-02
6.342092901468276978e-02 1.052283030003309250e-02
6.344507634639739990e-02 9.921817108988761902e-03
6.314711272716522217e-02 1.005150750279426575e-02
6.312956660985946655e-02 1.082221418619155884e-02
6.331814080476760864e-02 1.075236406177282333e-02
6.338479369878768921e-02 1.107425801455974579e-02
6.318122148513793945e-02 1.080035418272018433e-02
6.330107897520065308e-02 1.115961186587810516e-02
6.315213441848754883e-02 1.096923183649778366e-02
6.348366290330886841e-02 1.063515152782201767e-02
6.325599551200866699e-02 1.122275739908218384e-02
6.349717825651168823e-02 1.097044069319963455e-02
6.343444436788558960e-02 1.125224865972995758e-02
6.355860829353332520e-02 1.135054975748062134e-02
6.252465397119522095e-02 1.179750636219978333e-02
6.355620920658111572e-02 1.136604230850934982e-02
6.336168199777603149e-02 1.175339613109827042e-02
6.254708021879196167e-02 1.204614154994487762e-02
6.326223909854888916e-02 1.164245884865522385e-02
6.352642178535461426e-02 1.130301691591739655e-02
6.303715705871582031e-02 1.149915065616369247e-02
6.305709481239318848e-02 1.173512078821659088e-02
6.321644037961959839e-02 1.172912865877151489e-02
6.264431029558181763e-02 1.188536733388900757e-02
6.326246261596679688e-02 1.147131249308586121e-02
5.405887588858604431e-02 1.924077793955802917e-02
6.328127533197402954e-02 1.091473083943128586e-02
6.250315904617309570e-02 1.191077753901481628e-02
6.323145329952239990e-02 1.143207959830760956e-02
6.301989406347274780e-02 1.138631999492645264e-02
6.317448616027832031e-02 1.100566424429416656e-02
6.331313401460647583e-02 1.121279783546924591e-02
6.332222372293472290e-02 1.110575813800096512e-02
6.320867687463760376e-02 1.126902736723423004e-02
6.332816183567047119e-02 1.072694361209869385e-02
6.250747293233871460e-02 1.173513475805521011e-02
6.323117017745971680e-02 1.101956237107515335e-02
6.326270103454589844e-02 1.102444808930158615e-02
6.297709792852401733e-02 1.146393455564975739e-02
6.291097402572631836e-02 1.106420811265707016e-02
6.312720477581024170e-02 1.083030086010694504e-02
6.298023462295532227e-02 1.072979159653186798e-02
6.271642446517944336e-02 1.160679198801517487e-02
6.317338347434997559e-02 1.103962492197751999e-02
6.292578577995300293e-02 1.108420919626951218e-02
6.298776715993881226e-02 1.094575971364974976e-02
6.291380524635314941e-02 1.101413741707801819e-02
6.299424171447753906e-02 1.104992628097534180e-02
6.274594366550445557e-02 1.112747192382812500e-02
6.295506656169891357e-02 1.105452887713909149e-02
6.282652169466018677e-02 1.109036337584257126e-02
6.297656893730163574e-02 1.110055018216371536e-02
6.310467422008514404e-02 1.097549125552177429e-02
6.341599673032760620e-02 1.133748237043619156e-02
6.277659535408020020e-02 1.116150803864002228e-02
6.298034638166427612e-02 1.087287534028291702e-02
6.312046200037002563e-02 1.116741355508565903e-02
6.343324482440948486e-02 1.120696403086185455e-02
6.320562958717346191e-02 1.144983153790235519e-02
6.318841129541397095e-02 1.116911321878433228e-02
6.331875920295715332e-02 1.098722591996192932e-02
6.327696144580841064e-02 1.126756798475980759e-02
6.340916454792022705e-02 1.125824172049760818e-02
6.266088783740997314e-02 1.183067075908184052e-02
6.341963261365890503e-02 1.075120922178030014e-02
6.349369883537292480e-02 1.079605519771575928e-02
6.345188617706298828e-02 1.068369485437870026e-02
6.353276968002319336e-02 1.094510033726692200e-02
6.311845034360885620e-02 1.127293054014444351e-02
6.317051500082015991e-02 1.104825828224420547e-02
6.325510889291763306e-02 1.103217527270317078e-02
6.332641094923019409e-02 1.084440294653177261e-02
6.339149177074432373e-02 1.078735478222370148e-02
6.319387257099151611e-02 1.067710388451814651e-02
6.320545077323913574e-02 1.101614162325859070e-02
6.315250694751739502e-02 1.059898454695940018e-02
6.333649903535842896e-02 1.077970955520868301e-02
5.634937062859535217e-02 1.717196404933929443e-02
6.267807632684707642e-02 1.139362808316946030e-02
6.332776695489883423e-02 1.091931667178869247e-02
6.341086328029632568e-02 1.068806368857622147e-02
6.316395103931427002e-02 1.077144593000411987e-02
6.331713497638702393e-02 1.091667823493480682e-02
6.367016583681106567e-02 1.035869307816028595e-02
6.181882321834564209e-02 1.245429646223783493e-02
6.337393075227737427e-02 1.073624193668365479e-02
6.024595722556114197e-02 1.385058648884296417e-02
6.162158027291297913e-02 1.254712976515293121e-02
4.279062896966934204e-02 2.787169814109802246e-02
6.292004883289337158e-02 1.162664406001567841e-02
6.350942701101303101e-02 1.111195702105760574e-02
6.275545805692672729e-02 1.148945093154907227e-02
6.070293486118316650e-02 1.341357734054327011e-02
5.744894221425056458e-02 1.646418124437332153e-02
6.318826228380203247e-02 1.107472460716962814e-02
6.300349533557891846e-02 1.118470914661884308e-02
6.319012492895126343e-02 1.102604437619447708e-02
6.330195814371109009e-02 1.091020740568637848e-02
6.319809705018997192e-02 1.100146025419235229e-02
6.283973902463912964e-02 1.103805750608444214e-02
6.250201165676116943e-02 1.131973415613174438e-02
6.235919520258903503e-02 1.177475042641162872e-02
6.279110163450241089e-02 1.095531787723302841e-02
6.282753497362136841e-02 1.133103948086500168e-02
6.351161748170852661e-02 1.059828139841556549e-02
6.250625103712081909e-02 1.166136749088764191e-02
6.337085366249084473e-02 1.061310153454542160e-02
6.254488229751586914e-02 1.153643429279327393e-02
6.319888681173324585e-02 1.094589661806821823e-02
6.314836442470550537e-02 1.070334855467081070e-02
6.194109842181205750e-02 1.202721800655126572e-02
6.257993727922439575e-02 1.161155849695205688e-02
6.327337026596069336e-02 1.062994636595249176e-02
6.338366121053695679e-02 1.056028902530670166e-02
6.341297179460525513e-02 1.069381367415189743e-02
6.341648101806640625e-02 1.053081639111042023e-02
6.350094079971313477e-02 1.052573882043361664e-02
6.349718570709228516e-02 1.052661798894405365e-02
6.033900007605552673e-02 1.325584016740322113e-02
6.341294199228286743e-02 1.092377863824367523e-02
6.327422708272933960e-02 1.054127607494592667e-02
6.325045228004455566e-02 1.101903803646564484e-02
6.349133700132369995e-02 1.055064424872398376e-02
6.330149620771408081e-02 1.055931113660335541e-02
6.321777403354644775e-02 1.033739652484655380e-02
6.339398771524429321e-02 1.031722594052553177e-02
6.345760822296142578e-02 1.031561382114887238e-02
6.358202546834945679e-02 1.016562432050704956e-02
6.315788626670837402e-02 1.042283978313207626e-02
6.322631239891052246e-02 1.029162574559450150e-02
6.344931572675704956e-02 1.108738593757152557e-02
6.331633031368255615e-02 1.072290353477001190e-02
6.359798461198806763e-02 1.118682418018579483e-02
6.322265416383743286e-02 1.081523392349481583e-02
6.324388831853866577e-02 1.070695649832487106e-02
6.356086581945419312e-02 1.043001096695661545e-02
6.336024403572082520e-02 1.063135638833045959e-02
6.355631351470947266e-02 1.092873234301805496e-02
6.331538408994674683e-02 1.064091548323631287e-02
6.344204396009445190e-02 1.029172725975513458e-02
6.330319494009017944e-02 1.061013247817754745e-02
6.341064721345901489e-02 1.031513046473264694e-02
6.346528232097625732e-02 1.131586637347936630e-02
6.322579085826873779e-02 1.068095862865447998e-02
6.330151855945587158e-02 1.069168932735919952e-02
6.338800489902496338e-02 1.038679387420415878e-02
6.319350749254226685e-02 1.079540327191352844e-02
6.293346732854843140e-02 1.132967323064804077e-02
6.335262954235076904e-02 1.058835629373788834e-02
6.349024921655654907e-02 1.002512779086828232e-02
6.327798217535018921e-02 1.106514316052198410e-02
6.338390707969665527e-02 1.013616938143968582e-02
6.345880031585693359e-02 1.031647250056266785e-02
6.336181610822677612e-02 1.082089263945817947e-02
6.332527846097946167e-02 1.069640647619962692e-02
6.340260803699493408e-02 1.034398842602968216e-02
6.313055008649826050e-02 1.119672041386365891e-02
6.306782364845275879e-02 1.135451905429363251e-02
6.326771527528762817e-02 1.114376075565814972e-02
6.321663409471511841e-02 1.037405710667371750e-02
6.311041116714477539e-02 1.104442309588193893e-02
6.307829916477203369e-02 1.137070637196302414e-02
6.291753053665161133e-02 1.144983712583780289e-02
6.291145831346511841e-02 1.161589100956916809e-02
6.312391161918640137e-02 1.154325529932975769e-02
6.285242736339569092e-02 1.153059769421815872e-02
6.289521604776382446e-02 1.164634246379137039e-02
6.250473111867904663e-02 1.166043616831302643e-02
6.253308057785034180e-02 1.153319422155618668e-02
6.287808716297149658e-02 1.156506966799497604e-02
6.268388032913208008e-02 1.135008037090301514e-02
6.288944929838180542e-02 1.137693040072917938e-02
6.278570741415023804e-02 1.100424677133560181e-02
6.285891681909561157e-02 1.084244716912508011e-02
6.301455199718475342e-02 1.109353639185428619e-02
6.278315931558609009e-02 1.091951038688421249e-02
6.289261579513549805e-02 1.123879291117191315e-02
6.285025179386138916e-02 1.123734470456838608e-02
6.287137418985366821e-02 1.138672791421413422e-02
6.104300543665885925e-02 1.294297538697719574e-02
6.246417760848999023e-02 1.194317638874053955e-02
6.297326087951660156e-02 1.188404671847820282e-02
6.277156621217727661e-02 1.151417009532451630e-02
6.246725469827651978e-02 1.158931758254766464e-02
6.119683012366294861e-02 1.347423531115055084e-02
6.264081597328186035e-02 1.195679977536201477e-02
6.209027394652366638e-02 1.248341705650091171e-02
5.953800678253173828e-02 1.467488426715135574e-02
5.953368917107582092e-02 1.479796227067708969e-02
6.184273213148117065e-02 1.261039730161428452e-02
6.186704710125923157e-02 1.327955536544322968e-02
6.265646964311599731e-02 1.213868334889411926e-02
6.241808831691741943e-02 1.190642081201076508e-02
6.235738471150398254e-02 1.210552826523780823e-02
6.249317899346351624e-02 1.183827314525842667e-02
6.230403855443000793e-02 1.177957188338041306e-02
6.241684406995773315e-02 1.208345219492912292e-02
6.258872896432876587e-02 1.188033446669578552e-02
6.210398674011230469e-02 1.263607479631900787e-02
6.285060942173004150e-02 1.191799994558095932e-02
6.233175843954086304e-02 1.262134313583374023e-02
6.252110749483108521e-02 1.206414587795734406e-02
6.248363479971885681e-02 1.235060486942529678e-02
6.244318187236785889e-02 1.247954182326793671e-02
6.275486201047897339e-02 1.222475431859493256e-02
