5.438505858182907104e-02 1.881709694862365723e-02
6.109352037310600281e-02 1.254501007497310638e-02
6.160086393356323242e-02 1.217049174010753632e-02
6.233917921781539917e-02 1.119296066462993622e-02
6.283999979496002197e-02 1.091240532696247101e-02
6.004441902041435242e-02 1.369183976203203201e-02
6.288308650255203247e-02 1.030700653791427612e-02
6.050848588347434998e-02 1.313915755599737167e-02
6.276672333478927612e-02 1.063502579927444458e-02
6.073360517621040344e-02 1.303978636860847473e-02
6.123385578393936157e-02 1.259109936654567719e-02
6.024153158068656921e-02 1.329525373876094818e-02
5.051655322313308716e-02 2.191019989550113678e-02
5.941801518201828003e-02 1.440945826470851898e-02
5.762005969882011414e-02 1.608524844050407410e-02
5.580829456448554993e-02 1.759747415781021118e-02
5.589349940419197083e-02 1.744834147393703461e-02
5.687253549695014954e-02 1.680096983909606934e-02
6.087947264313697815e-02 1.347425673156976700e-02
6.146858632564544678e-02 1.289261039346456528e-02
6.083325669169425964e-02 1.335172727704048157e-02
6.273193657398223877e-02 1.154721807688474655e-02
6.023326516151428223e-02 1.411278359591960907e-02
5.414559692144393921e-02 1.898852549493312836e-02
5.870483815670013428e-02 1.526295207440853119e-02
6.195635348558425903e-02 1.238631457090377808e-02
5.627157911658287048e-02 1.731534861028194427e-02
5.529068782925605774e-02 1.824473589658737183e-02
6.133746355772018433e-02 1.304112095385789871e-02
5.497712269425392151e-02 1.860620267689228058e-02
5.552311241626739502e-02 1.784134283661842346e-02
5.732088163495063782e-02 1.593543775379657745e-02
6.155800074338912964e-02 1.169020496308803558e-02
6.239976733922958374e-02 1.111399196088314056e-02
5.725195631384849548e-02 1.631795801222324371e-02
5.954440683126449585e-02 1.406653318554162979e-02
5.378314852714538574e-02 1.936479471623897552e-02
5.740981921553611755e-02 1.625429093837738037e-02
5.214720591902732849e-02 2.078621834516525269e-02
5.952056124806404114e-02 1.427524723112583160e-02
4.678116738796234131e-02 2.494174614548683167e-02
6.009273231029510498e-02 1.349828857928514481e-02
5.730523541569709778e-02 1.599582470953464508e-02
5.860682949423789978e-02 1.524391584098339081e-02
5.499223619699478149e-02 1.842137053608894348e-02
5.960499122738838196e-02 1.388691924512386322e-02
5.975045263767242432e-02 1.399498153477907181e-02
5.383611842989921570e-02 1.932976581156253815e-02
5.494374409317970276e-02 1.818346977233886719e-02
5.456648766994476318e-02 1.882626861333847046e-02
5.769846215844154358e-02 1.604335382580757141e-02
6.131826713681221008e-02 1.275636907666921616e-02
5.306854099035263062e-02 2.036273479461669922e-02
6.028357148170471191e-02 1.316660642623901367e-02
6.097342446446418762e-02 1.241674460470676422e-02
6.035399436950683594e-02 1.315488107502460480e-02
6.013704463839530945e-02 1.331946626305580139e-02
6.090571731328964233e-02 1.242364197969436646e-02
6.132713705301284790e-02 1.169691234827041626e-02
6.077550724148750305e-02 1.266683638095855713e-02
6.075682863593101501e-02 1.265886146575212479e-02
6.017803773283958435e-02 1.364979520440101624e-02
5.241180211305618286e-02 2.067516557872295380e-02
6.144167110323905945e-02 1.226337719708681107e-02
5.085361748933792114e-02 2.216591686010360718e-02
4.694959148764610291e-02 2.512538060545921326e-02
5.540290847420692444e-02 1.814362406730651855e-02
5.797500908374786377e-02 1.585705205798149109e-02
5.390887334942817688e-02 1.947770267724990845e-02
5.356774851679801941e-02 1.959140598773956299e-02
5.728365108370780945e-02 1.644036918878555298e-02
5.356373637914657593e-02 1.955108158290386200e-02
4.994313046336174011e-02 2.257632091641426086e-02
5.578757822513580322e-02 1.756445877254009247e-02
5.004492029547691345e-02 2.256111241877079010e-02
5.022846907377243042e-02 2.231007255613803864e-02
4.734449833631515503e-02 2.451334148645401001e-02
6.186073273420333862e-02 1.223115343600511551e-02
5.324307829141616821e-02 1.968813873827457428e-02
5.848024785518646240e-02 1.487313397228717804e-02
5.187825113534927368e-02 2.091085538268089294e-02
5.692741274833679199e-02 1.620686799287796021e-02
5.233509838581085205e-02 2.009344846010208130e-02
5.584504082798957825e-02 1.697397418320178986e-02
6.050970777869224548e-02 1.249063480645418167e-02
5.757902190089225769e-02 1.564409025013446808e-02
6.010675430297851562e-02 1.339971087872982025e-02
6.163285672664642334e-02 1.198426075279712677e-02
5.842024087905883789e-02 1.533565297722816467e-02
5.675404891371726990e-02 1.676706224679946899e-02
6.183471903204917908e-02 1.221296191215515137e-02
5.872270464897155762e-02 1.497668772935867310e-02
5.887836217880249023e-02 1.492950413376092911e-02
5.534413829445838928e-02 1.795512437820434570e-02
5.688019469380378723e-02 1.677348464727401733e-02
6.078736111521720886e-02 1.318165753036737442e-02
5.889593809843063354e-02 1.470001880079507828e-02
6.104437634348869324e-02 1.276518963277339935e-02
6.085884198546409607e-02 1.287337392568588257e-02
5.520709231495857239e-02 1.841967180371284485e-02
6.186095252633094788e-02 1.191831659525632858e-02
6.114517524838447571e-02 1.255938969552516937e-02
5.382614955306053162e-02 1.928417943418025970e-02
6.172474473714828491e-02 1.205488666892051697e-02
6.024839729070663452e-02 1.326768938452005386e-02
6.015882641077041626e-02 1.339977048337459564e-02
6.121727824211120605e-02 1.241774950176477432e-02
6.157727912068367004e-02 1.202003005892038345e-02
6.165077537298202515e-02 1.160327158868312836e-02
6.263593584299087524e-02 1.090314052999019623e-02
6.198038905858993530e-02 1.170012447983026505e-02
6.026262789964675903e-02 1.303949207067489624e-02
5.840503051877021790e-02 1.513147540390491486e-02
6.190731748938560486e-02 1.146696135401725769e-02
5.970098078250885010e-02 1.328706555068492889e-02
5.625542998313903809e-02 1.721651107072830200e-02
5.247749015688896179e-02 2.057368494570255280e-02
5.573320761322975159e-02 1.777218468487262726e-02
5.062989518046379089e-02 2.210797742009162903e-02
5.868364125490188599e-02 1.522656809538602829e-02
5.794156715273857117e-02 1.564891263842582703e-02
5.672224983572959900e-02 1.695305295288562775e-02
6.054897233843803406e-02 1.320938579738140106e-02
5.288302898406982422e-02 2.029501646757125854e-02
5.761367082595825195e-02 1.589316502213478088e-02
5.208515748381614685e-02 2.091533690690994263e-02
5.906071513891220093e-02 1.454373076558113098e-02
5.296732857823371887e-02 2.031967043876647949e-02
5.531923472881317139e-02 1.808673329651355743e-02
5.149503052234649658e-02 2.122818492352962494e-02
5.748162791132926941e-02 1.609692350029945374e-02
5.609570816159248352e-02 1.696663722395896912e-02
5.230546370148658752e-02 2.069803141057491302e-02
5.897651612758636475e-02 1.448061969131231308e-02
5.606406182050704956e-02 1.712967827916145325e-02
5.784134566783905029e-02 1.547793019562959671e-02
5.662135779857635498e-02 1.658693514764308929e-02
5.511017516255378723e-02 1.800717785954475403e-02
6.164952740073204041e-02 1.195963472127914429e-02
5.722872540354728699e-02 1.627747528254985809e-02
6.288196891546249390e-02 1.107829436659812927e-02
6.169302389025688171e-02 1.221325807273387909e-02
6.271546334028244019e-02 1.084385253489017487e-02
6.227681785821914673e-02 1.128121279180049896e-02
6.109072640538215637e-02 1.252065785229206085e-02
5.946637690067291260e-02 1.405164226889610291e-02
6.074263900518417358e-02 1.256035920232534409e-02
6.033697351813316345e-02 1.340227201581001282e-02
6.184417754411697388e-02 1.202199421823024750e-02
6.293265521526336670e-02 1.117540150880813599e-02
6.329075992107391357e-02 1.033806800842285156e-02
5.969762802124023438e-02 1.385039649903774261e-02
5.795136466622352600e-02 1.557812187820672989e-02
6.319825351238250732e-02 1.047867257148027420e-02
6.319525837898254395e-02 1.047147624194622040e-02
6.121580302715301514e-02 1.255576405674219131e-02
6.263023614883422852e-02 1.139132492244243622e-02
6.322944909334182739e-02 1.040441635996103287e-02
6.206969171762466431e-02 1.202851533889770508e-02
6.145735085010528564e-02 1.213513221591711044e-02
6.199843809008598328e-02 1.158623304218053818e-02
6.236514076590538025e-02 1.094753574579954147e-02
6.283219158649444580e-02 1.044775173068046570e-02
6.173744797706604004e-02 1.177614275366067886e-02
6.228746101260185242e-02 1.097385864704847336e-02
6.082021817564964294e-02 1.245705317705869675e-02
5.538824573159217834e-02 1.748280599713325500e-02
6.087636202573776245e-02 1.254160236567258835e-02
5.950136855244636536e-02 1.447235140949487686e-02
5.658931285142898560e-02 1.691817864775657654e-02
5.303594842553138733e-02 1.994194276630878448e-02
5.893694981932640076e-02 1.491868682205677032e-02
5.321538448333740234e-02 1.967483945190906525e-02
5.519241467118263245e-02 1.809266768395900726e-02
5.683512240648269653e-02 1.670573279261589050e-02
6.157156825065612793e-02 1.277054660022258759e-02
6.124885007739067078e-02 1.313121896237134933e-02
5.752304196357727051e-02 1.607927866280078888e-02
6.263462454080581665e-02 1.176598481833934784e-02
6.187731027603149414e-02 1.257736235857009888e-02
6.273663043975830078e-02 1.149471756070852280e-02
6.284464895725250244e-02 1.120996382087469101e-02
6.298200786113739014e-02 1.151019800454378128e-02
6.333962082862854004e-02 1.097203791141510010e-02
6.326174736022949219e-02 1.134111918509006500e-02
6.335256248712539673e-02 1.087648421525955200e-02
6.343418359756469727e-02 1.079850830137729645e-02
6.340307742357254028e-02 1.108015608042478561e-02
6.270192563533782959e-02 1.168853323906660080e-02
6.322719901800155640e-02 1.112608145922422409e-02
6.059394031763076782e-02 1.355246547609567642e-02
6.308109313249588013e-02 1.120676472783088684e-02
6.334988772869110107e-02 1.071445085108280182e-02
6.320471316576004028e-02 1.102346088737249374e-02
6.317443400621414185e-02 1.085113640874624252e-02
6.326751410961151123e-02 1.092170178890228271e-02
6.329216808080673218e-02 1.083386503159999847e-02
6.215696781873703003e-02 1.174568478018045425e-02
6.323242932558059692e-02 1.044559665024280548e-02
6.324441730976104736e-02 1.089647226035594940e-02
6.319300085306167603e-02 1.107206847518682480e-02
6.326461583375930786e-02 1.078015379607677460e-02
6.335305422544479370e-02 1.076516136527061462e-02
6.324196606874465942e-02 1.145549025386571884e-02
6.341670453548431396e-02 1.030315645039081573e-02
6.333881616592407227e-02 1.063932664692401886e-02
6.250214576721191406e-02 1.182857248932123184e-02
6.325878202915191650e-02 1.129888370633125305e-02
6.312344968318939209e-02 1.165967062115669250e-02
6.356245279312133789e-02 1.044423878192901611e-02
6.358536332845687866e-02 1.029065810143947601e-02
6.345991045236587524e-02 1.069028116762638092e-02
6.357435882091522217e-02 1.023352332413196564e-02
6.325888633728027344e-02 1.120413281023502350e-02
6.306004524230957031e-02 1.151519268751144409e-02
6.312903016805648804e-02 1.162461284548044205e-02
6.310936808586120605e-02 1.146650686860084534e-02
6.327878683805465698e-02 1.147391460835933685e-02
6.350591778755187988e-02 1.139584183692932129e-02
6.321267038583755493e-02 1.150827948004007339e-02
6.322707980871200562e-02 1.157241035252809525e-02
6.334687769412994385e-02 1.139632239937782288e-02
6.319982558488845825e-02 1.166589464992284775e-02
6.320550292730331421e-02 1.175315678119659424e-02
6.308694183826446533e-02 1.183301955461502075e-02
6.345009058713912964e-02 1.126190274953842163e-02
6.318443268537521362e-02 1.131731085479259491e-02
6.317961215972900391e-02 1.160102058202028275e-02
6.341253966093063354e-02 1.113544683903455734e-02
6.338948756456375122e-02 1.118321530520915985e-02
6.318569928407669067e-02 1.151152420789003372e-02
6.325834989547729492e-02 1.120020262897014618e-02
5.862357839941978455e-02 1.536448579281568527e-02
6.313169747591018677e-02 1.158714666962623596e-02
6.317206472158432007e-02 1.120564714074134827e-02
6.278055161237716675e-02 1.143639348447322845e-02
6.301990151405334473e-02 1.098024472594261169e-02
6.304442137479782104e-02 1.155326236039400101e-02
6.278621405363082886e-02 1.163681317120790482e-02
5.896061286330223083e-02 1.503023691475391388e-02
6.145814061164855957e-02 1.270762272179126740e-02
6.078799068927764893e-02 1.342446357011795044e-02
6.257437914609909058e-02 1.188816223293542862e-02
6.299968808889389038e-02 1.163640432059764862e-02
6.233698129653930664e-02 1.198842190206050873e-02
5.924904346466064453e-02 1.475146692246198654e-02
6.284891813993453979e-02 1.167826354503631592e-02
6.293392181396484375e-02 1.152383442968130112e-02
6.290244311094284058e-02 1.154635660350322723e-02
6.314846873283386230e-02 1.139103900641202927e-02
6.280360370874404907e-02 1.178624108433723450e-02
6.206530332565307617e-02 1.240929868072271347e-02
6.316752731800079346e-02 1.148291490972042084e-02
5.431466922163963318e-02 1.890606991946697235e-02
6.234296038746833801e-02 1.205169502645730972e-02
6.161440163850784302e-02 1.276871562004089355e-02
6.096177920699119568e-02 1.329805236309766769e-02
5.534565448760986328e-02 1.799246296286582947e-02
5.750247463583946228e-02 1.624113135039806366e-02
6.142788380384445190e-02 1.299616321921348572e-02
6.257292628288269043e-02 1.196473091840744019e-02
6.224814057350158691e-02 1.220800448209047318e-02
5.733709782361984253e-02 1.635863073170185089e-02
5.777907371520996094e-02 1.595526374876499176e-02
6.294439733028411865e-02 1.153135020285844803e-02
6.334151327610015869e-02 1.113306730985641479e-02
6.321745365858078003e-02 1.157859247177839279e-02
6.331402808427810669e-02 1.160411816090345383e-02
6.330790370702743530e-02 1.137313991785049438e-02
6.157982721924781799e-02 1.280377712100744247e-02
6.245669722557067871e-02 1.203436683863401413e-02
6.266420334577560425e-02 1.207893900573253632e-02
6.338420510292053223e-02 1.146636903285980225e-02
6.313274055719375610e-02 1.143684238195419312e-02
6.199045106768608093e-02 1.250738464295864105e-02
5.959931761026382446e-02 1.450122613459825516e-02
5.828047916293144226e-02 1.553053036332130432e-02
6.347820907831192017e-02 1.127770449966192245e-02
6.333869695663452148e-02 1.127255707979202271e-02
6.299915909767150879e-02 1.168600656092166901e-02
6.294419616460800171e-02 1.151537243276834488e-02
6.333670765161514282e-02 1.131127309054136276e-02
5.748281255364418030e-02 1.640816219151020050e-02
6.145579367876052856e-02 1.266124565154314041e-02
5.980536341667175293e-02 1.422776188701391220e-02
6.175926700234413147e-02 1.267352048307657242e-02
6.015220656991004944e-02 1.399854570627212524e-02
6.315916031599044800e-02 1.131160464137792587e-02
5.994011461734771729e-02 1.454647071659564972e-02
6.194753199815750122e-02 1.260587479919195175e-02
6.021348014473915100e-02 1.366281881928443909e-02
6.297390908002853394e-02 1.162102445960044861e-02
6.176302209496498108e-02 1.238956302404403687e-02
6.214527040719985962e-02 1.215814985334873199e-02
4.493541270494461060e-02 2.636156976222991943e-02
6.187495216727256775e-02 1.238065864890813828e-02
5.969081073999404907e-02 1.418686937540769577e-02
5.388506129384040833e-02 1.918144710361957550e-02
5.705237016081809998e-02 1.629548333585262299e-02
4.389728978276252747e-02 2.697805315256118774e-02
6.212998181581497192e-02 1.214931439608335495e-02
5.856401100754737854e-02 1.503409165889024734e-02
5.421345680952072144e-02 1.884017139673233032e-02
6.062519550323486328e-02 1.294251624494791031e-02
6.254647672176361084e-02 1.073839515447616577e-02
6.116510927677154541e-02 1.221961993724107742e-02
4.843928292393684387e-02 2.347912453114986420e-02
5.930399894714355469e-02 1.358619704842567444e-02
5.612624436616897583e-02 1.701123453676700592e-02
6.262950599193572998e-02 1.037996634840965271e-02
6.082718074321746826e-02 1.304864697158336639e-02
5.944183096289634705e-02 1.432429254055023193e-02
6.024551764130592346e-02 1.320286653935909271e-02
5.290763825178146362e-02 2.019976451992988586e-02
5.487053468823432922e-02 1.819649338722229004e-02
6.023177504539489746e-02 1.324345543980598450e-02
5.353283137083053589e-02 1.930853165686130524e-02
5.663147196173667908e-02 1.666867546737194061e-02
5.717421695590019226e-02 1.587798073887825012e-02
5.985328182578086853e-02 1.342181582003831863e-02
5.811300873756408691e-02 1.502509322017431259e-02
5.357990413904190063e-02 1.905003376305103302e-02
4.861370101571083069e-02 2.345739305019378662e-02
5.692281201481819153e-02 1.612030901014804840e-02
5.760441720485687256e-02 1.569421403110027313e-02
5.149284750223159790e-02 2.086189202964305878e-02
5.613551288843154907e-02 1.684452965855598450e-02
5.007474869489669800e-02 2.211546339094638824e-02
5.043379217386245728e-02 2.191601507365703583e-02
5.977440625429153442e-02 1.402950100600719452e-02
6.011461094021797180e-02 1.344777829945087433e-02
5.775475129485130310e-02 1.537691522389650345e-02
5.150936916470527649e-02 2.090984769165515900e-02
4.541528970003128052e-02 2.575569972395896912e-02
5.824805051088333130e-02 1.497123856097459793e-02
5.614051595330238342e-02 1.705688796937465668e-02
4.793679341673851013e-02 2.395327948033809662e-02
5.262261256575584412e-02 1.981768384575843811e-02
5.689653009176254272e-02 1.650342345237731934e-02
6.186679378151893616e-02 1.198618113994598389e-02
6.246640160679817200e-02 1.219308935105800629e-02
6.271535158157348633e-02 1.190711744129657745e-02
6.093055754899978638e-02 1.318119280040264130e-02
5.656915530562400818e-02 1.666837930679321289e-02
5.732480436563491821e-02 1.580449566245079041e-02
6.138354912400245667e-02 1.238151267170906067e-02
5.877196788787841797e-02 1.513342373073101044e-02
6.021786481142044067e-02 1.399449352174997330e-02
6.101451814174652100e-02 1.281500607728958130e-02
6.302042305469512939e-02 1.144527457654476166e-02
5.983376875519752502e-02 1.375471986830234528e-02
5.406514927744865417e-02 1.873725838959217072e-02
6.031691282987594604e-02 1.319840922951698303e-02
5.879856646060943604e-02 1.488246861845254898e-02
5.837317183613777161e-02 1.487561035901308060e-02
5.956945568323135376e-02 1.400271244347095490e-02
6.040447205305099487e-02 1.276281010359525681e-02
6.013628840446472168e-02 1.336734183132648468e-02
6.221895664930343628e-02 1.110292784869670868e-02
5.959877744317054749e-02 1.342463493347167969e-02
5.940162390470504761e-02 1.373093202710151672e-02
6.255014985799789429e-02 1.087257731705904007e-02
6.171355396509170532e-02 1.213685702532529831e-02
6.202060356736183167e-02 1.153655909001827240e-02
6.300382316112518311e-02 1.026861462742090225e-02
6.245377659797668457e-02 1.112595573067665100e-02
6.229598820209503174e-02 1.100571174174547195e-02
6.086234748363494873e-02 1.230676192790269852e-02
6.015108525753021240e-02 1.338526979088783264e-02
6.200651451945304871e-02 1.136782951653003693e-02
6.305056065320968628e-02 1.051158923655748367e-02
6.268123537302017212e-02 1.056703180074691772e-02
6.315194070339202881e-02 1.026530843228101730e-02
6.285537034273147583e-02 1.115636341273784637e-02
6.276047229766845703e-02 1.116556953638792038e-02
6.278670579195022583e-02 1.083315722644329071e-02
6.336577981710433960e-02 1.024876069277524948e-02
6.304127722978591919e-02 1.103328727185726166e-02
6.237412616610527039e-02 1.155431754887104034e-02
6.311236321926116943e-02 1.102991774678230286e-02
6.310030817985534668e-02 1.104086544364690781e-02
6.304632872343063354e-02 1.088492758572101593e-02
6.303736567497253418e-02 1.112089492380619049e-02
6.304036080837249756e-02 1.076814439147710800e-02
6.326840072870254517e-02 1.055782381445169449e-02
6.303512305021286011e-02 1.073415111750364304e-02
6.324058771133422852e-02 1.025580242276191711e-02
6.331790983676910400e-02 9.764700196683406830e-03
6.310366839170455933e-02 1.080495025962591171e-02
6.330956518650054932e-02 1.006063353270292282e-02
6.343863159418106079e-02 9.555944241583347321e-03
6.337073445320129395e-02 9.937813505530357361e-03
6.334746628999710083e-02 1.044031605124473572e-02
6.333456188440322876e-02 9.854162111878395081e-03
6.350206583738327026e-02 1.007392629981040955e-02
6.340473890304565430e-02 1.055461913347244263e-02
6.258092075586318970e-02 1.116662751883268356e-02
6.336130946874618530e-02 9.956624358892440796e-03
6.325928121805191040e-02 1.012481097131967545e-02
6.341348588466644287e-02 1.046823523938655853e-02
6.327215582132339478e-02 1.029340922832489014e-02
6.332994252443313599e-02 1.079276483505964279e-02
6.327973306179046631e-02 1.056340523064136505e-02
6.329627335071563721e-02 1.092714257538318634e-02
6.239730864763259888e-02 1.173304393887519836e-02
6.313987821340560913e-02 1.135077327489852905e-02
6.318215280771255493e-02 1.117961481213569641e-02
6.265725940465927124e-02 1.148524042218923569e-02
6.268856674432754517e-02 1.173885073512792587e-02
6.203748658299446106e-02 1.262756530195474625e-02
6.314347684383392334e-02 1.140671595931053162e-02
6.319348514080047607e-02 1.112594082951545715e-02
6.324966996908187866e-02 1.078946515917778015e-02
6.228763610124588013e-02 1.225433964282274246e-02
6.292378157377243042e-02 1.178629416972398758e-02
6.300864368677139282e-02 1.190991420298814774e-02
6.319202482700347900e-02 1.161679346114397049e-02
6.328837573528289795e-02 1.098618097603321075e-02
6.327002495527267456e-02 1.120684947818517685e-02
6.317155063152313232e-02 1.091856416314840317e-02
6.322456151247024536e-02 1.104175858199596405e-02
6.311598420143127441e-02 1.159575674682855606e-02
6.306643038988113403e-02 1.129298191517591476e-02
6.327655166387557983e-02 1.081732567399740219e-02
6.298781931400299072e-02 1.131751667708158493e-02
6.320851296186447144e-02 1.043230015784502029e-02
6.320825964212417603e-02 1.076404657214879990e-02
6.320279091596603394e-02 1.089392881840467453e-02
6.319516897201538086e-02 1.076128613203763962e-02
6.325326114892959595e-02 1.017187628895044327e-02
6.333356350660324097e-02 1.030226238071918488e-02
6.319855898618698120e-02 1.094897836446762085e-02
6.333259493112564087e-02 1.045972015708684921e-02
6.330782175064086914e-02 1.052410248667001724e-02
6.317386031150817871e-02 1.042883843183517456e-02
6.331626325845718384e-02 1.023026742041110992e-02
6.326457113027572632e-02 9.698754176497459412e-03
6.323625892400741577e-02 1.065727788954973221e-02
6.314633786678314209e-02 1.069391984492540359e-02
6.304139643907546997e-02 1.124840043485164642e-02
6.326863914728164673e-02 1.006898283958435059e-02
6.309451162815093994e-02 1.038354448974132538e-02
6.322028487920761108e-02 1.026744022965431213e-02
5.708907544612884521e-02 1.571051031351089478e-02
5.767200142145156860e-02 1.540815830230712891e-02
6.105450168251991272e-02 1.242661755532026291e-02
4.726841673254966736e-02 2.416624315083026886e-02
5.165162682533264160e-02 2.065167762339115143e-02
4.779729992151260376e-02 2.387645468115806580e-02
5.985258147120475769e-02 1.361281145364046097e-02
5.145816504955291748e-02 2.094290591776371002e-02
5.098504200577735901e-02 2.144871093332767487e-02
5.849552899599075317e-02 1.494130212813615799e-02
6.003735214471817017e-02 1.360352244228124619e-02
4.753114283084869385e-02 2.407840453088283539e-02
5.916782841086387634e-02 1.400652900338172913e-02
5.710321292281150818e-02 1.616569049656391144e-02
5.349643900990486145e-02 1.910252124071121216e-02
5.713187903165817261e-02 1.603173092007637024e-02
5.850245803594589233e-02 1.452434249222278595e-02
6.312855333089828491e-02 1.082515809684991837e-02
6.285580992698669434e-02 1.080960500985383987e-02
5.378495901823043823e-02 1.940131001174449921e-02
5.913893133401870728e-02 1.499337516725063324e-02
6.123122200369834900e-02 1.351905614137649536e-02
6.185780465602874756e-02 1.287088263779878616e-02
6.194259598851203918e-02 1.235985662788152695e-02
6.050026416778564453e-02 1.363345887511968613e-02
6.017412990331649780e-02 1.384133659303188324e-02
6.049467995762825012e-02 1.375711616128683090e-02
5.792031437158584595e-02 1.601922884583473206e-02
6.116038933396339417e-02 1.296322792768478394e-02
5.279492959380149841e-02 1.983311027288436890e-02
5.946814268827438354e-02 1.426918432116508484e-02
5.864356830716133118e-02 1.499231811612844467e-02
6.000202521681785583e-02 1.353328023105859756e-02
5.940129607915878296e-02 1.414293982088565826e-02
6.130706518888473511e-02 1.291698310524225235e-02
6.128702312707901001e-02 1.280806586146354675e-02
6.331329047679901123e-02 1.103491801768541336e-02
5.888346210122108459e-02 1.463742554187774658e-02
5.795317515730857849e-02 1.568317785859107971e-02
6.238519400358200073e-02 1.178991794586181641e-02
5.581750348210334778e-02 1.744503714144229889e-02
5.881777778267860413e-02 1.515161804854869843e-02
6.044001504778862000e-02 1.347824465483427048e-02
6.202217191457748413e-02 1.187636796385049820e-02
6.063454970717430115e-02 1.300356164574623108e-02
5.711791664361953735e-02 1.653429865837097168e-02
5.823581665754318237e-02 1.548500545322895050e-02
6.189661845564842224e-02 1.198956277221441269e-02
6.317948549985885620e-02 1.071940455585718155e-02
6.321594119071960449e-02 1.095927134156227112e-02
6.288570910692214966e-02 1.132386922836303711e-02
6.321018934249877930e-02 1.084529887884855270e-02
6.180180236697196960e-02 1.266242843121290207e-02
6.330975145101547241e-02 1.118461508303880692e-02
6.024456024169921875e-02 1.397766079753637314e-02
6.235399097204208374e-02 1.158822327852249146e-02
6.051434949040412903e-02 1.327218115329742432e-02
5.521583929657936096e-02 1.813139393925666809e-02
5.935646966099739075e-02 1.399359479546546936e-02
6.317938119173049927e-02 1.063481625169515610e-02
6.211532652378082275e-02 1.186920795589685440e-02
6.338534504175186157e-02 1.072525605559349060e-02
6.306196004152297974e-02 1.125509571284055710e-02
6.326699256896972656e-02 1.145176962018013000e-02
6.168398633599281311e-02 1.187643967568874359e-02
6.125392019748687744e-02 1.260713674128055573e-02
6.267976760864257812e-02 1.098708342760801315e-02
6.224235147237777710e-02 1.142470259219408035e-02
6.306443363428115845e-02 1.033786591142416000e-02
6.344160437583923340e-02 9.724937379360198975e-03
6.327673047780990601e-02 1.009969040751457214e-02
6.331744790077209473e-02 9.922657161951065063e-03
6.285000592470169067e-02 1.044519152492284775e-02
6.306413561105728149e-02 1.082208007574081421e-02
6.328167766332626343e-02 1.047670468688011169e-02
5.825242400169372559e-02 1.537059154361486435e-02
6.257979571819305420e-02 1.055932976305484772e-02
5.977459624409675598e-02 1.382687781006097794e-02
6.320596486330032349e-02 1.069314125925302505e-02
6.187933310866355896e-02 1.240413263440132141e-02
6.126292422413825989e-02 1.328312605619430542e-02
6.304289400577545166e-02 1.154395565390586853e-02
6.337447464466094971e-02 1.137562561780214310e-02
6.320254504680633545e-02 1.131886616349220276e-02
6.193032115697860718e-02 1.250747125595808029e-02
6.202413514256477356e-02 1.232012454420328140e-02
6.184094771742820740e-02 1.219809055328369141e-02
6.335494667291641235e-02 1.096399314701557159e-02
6.335119903087615967e-02 1.115127466619014740e-02
6.234560161828994751e-02 1.219220366328954697e-02
6.284788250923156738e-02 1.125080138444900513e-02
6.328020989894866943e-02 1.093483995646238327e-02
6.310720741748809814e-02 1.127357035875320435e-02
6.334616988897323608e-02 1.079366169869899750e-02
6.335230171680450439e-02 1.041683368384838104e-02
6.223632395267486572e-02 1.227250695228576660e-02
5.985405668616294861e-02 1.406370289623737335e-02
6.228440999984741211e-02 1.154887489974498749e-02
6.341779977083206177e-02 1.121517643332481384e-02
6.065063551068305969e-02 1.348367147147655487e-02
6.190337240695953369e-02 1.198234315961599350e-02
6.333173811435699463e-02 1.049799192696809769e-02
6.249978393316268921e-02 1.210897788405418396e-02
6.192845851182937622e-02 1.190678309649229050e-02
5.674835294485092163e-02 1.658847928047180176e-02
6.157019361853599548e-02 1.251276396214962006e-02
6.330955773591995239e-02 1.018975954502820969e-02
6.327363848686218262e-02 1.148001849651336670e-02
6.320328265428543091e-02 1.030410360544919968e-02
6.286518275737762451e-02 1.061055250465869904e-02
6.197334825992584229e-02 1.161295548081398010e-02
5.923966318368911743e-02 1.474568154662847519e-02
5.712120980024337769e-02 1.656510308384895325e-02
5.493958666920661926e-02 1.834468729794025421e-02
6.197172775864601135e-02 1.231528073549270630e-02
5.341717973351478577e-02 1.952479034662246704e-02
5.885053053498268127e-02 1.490822620689868927e-02
5.389709770679473877e-02 1.895506866276264191e-02
5.022474750876426697e-02 2.224442176520824432e-02
5.850130692124366760e-02 1.520231552422046661e-02
5.684511363506317139e-02 1.662014611065387726e-02
5.473173037171363831e-02 1.851027086377143860e-02
5.739699676632881165e-02 1.608121022582054138e-02
6.169164925813674927e-02 1.252852566540241241e-02
6.309578567743301392e-02 1.124426629394292831e-02
5.043920502066612244e-02 2.198770083487033844e-02
6.062936782836914062e-02 1.316955685615539551e-02
5.833848565816879272e-02 1.550726871937513351e-02
6.240651756525039673e-02 1.176401134580373764e-02
6.165090203285217285e-02 1.284903939813375473e-02
6.230077147483825684e-02 1.196868624538183212e-02
6.267695128917694092e-02 1.198354084044694901e-02
6.145529448986053467e-02 1.248009782284498215e-02
6.325541436672210693e-02 1.135172881186008453e-02
6.226320564746856689e-02 1.220402307808399200e-02
6.344895064830780029e-02 1.080647017806768417e-02
6.336251646280288696e-02 1.092468667775392532e-02
6.171125918626785278e-02 1.201705075800418854e-02
6.292311102151870728e-02 1.155949570238590240e-02
6.283713132143020630e-02 1.158787496387958527e-02
6.322004646062850952e-02 1.106249541044235229e-02
6.211691722273826599e-02 1.193504221737384796e-02
6.059324741363525391e-02 1.320366654545068741e-02
6.159703433513641357e-02 1.214550901204347610e-02
5.756736919283866882e-02 1.627163775265216827e-02
6.318131834268569946e-02 1.178930141031742096e-02
6.318949908018112183e-02 1.095142401754856110e-02
6.326968222856521606e-02 1.051063276827335358e-02
6.285528838634490967e-02 1.098407059907913208e-02
6.251899898052215576e-02 1.200608443468809128e-02
6.327780336141586304e-02 1.017827168107032776e-02
6.137268245220184326e-02 1.243024691939353943e-02
5.974143743515014648e-02 1.395604293793439865e-02
6.191420182585716248e-02 1.176772080361843109e-02
6.006959825754165649e-02 1.351692341268062592e-02
6.330942362546920776e-02 1.013510022312402725e-02
6.306730955839157104e-02 1.093599572777748108e-02
6.200321763753890991e-02 1.228726282715797424e-02
6.331599503755569458e-02 9.955600835382938385e-03
6.319299340248107910e-02 1.043223962187767029e-02
6.252580881118774414e-02 1.115240901708602905e-02
6.263409554958343506e-02 1.084062270820140839e-02
6.339250504970550537e-02 9.762648493051528931e-03
6.321050971746444702e-02 1.079887896776199341e-02
6.331606954336166382e-02 1.134669408202171326e-02
6.330775469541549683e-02 1.149092521518468857e-02
6.307011097669601440e-02 1.153307594358921051e-02
6.328996270895004272e-02 1.207938883453607559e-02
6.317483633756637573e-02 1.160356868058443069e-02
6.284719705581665039e-02 1.216345559805631638e-02
6.301544606685638428e-02 1.236003357917070389e-02
6.334672123193740845e-02 1.200335286557674408e-02
6.294306367635726929e-02 1.169980503618717194e-02
4.955184459686279297e-02 2.275190316140651703e-02
6.337410211563110352e-02 1.165473274886608124e-02
6.345175951719284058e-02 1.166430301964282990e-02
6.327839940786361694e-02 1.167039293795824051e-02
6.324937939643859863e-02 1.207485236227512360e-02
6.309073418378829956e-02 1.209971588104963303e-02
6.316550821065902710e-02 1.211246754974126816e-02
6.328971683979034424e-02 1.195343583822250366e-02
6.325802952051162720e-02 1.177398581057786942e-02
5.784484371542930603e-02 1.593280211091041565e-02
6.329300999641418457e-02 1.193677261471748352e-02
5.963008478283882141e-02 1.446339953690767288e-02
6.337191909551620483e-02 1.162468641996383667e-02
6.326133757829666138e-02 1.158346701413393021e-02
6.336287409067153931e-02 1.190999522805213928e-02
6.321614235639572144e-02 1.183182932436466217e-02
6.323834508657455444e-02 1.167697552591562271e-02
6.319458037614822388e-02 1.181395910680294037e-02
6.283576786518096924e-02 1.175634562969207764e-02
6.263346970081329346e-02 1.184751372784376144e-02
6.175656616687774658e-02 1.333453226834535599e-02
6.315850466489791870e-02 1.176215987652540207e-02
6.309197843074798584e-02 1.111921388655900955e-02
6.327591091394424438e-02 1.184367109090089798e-02
6.317999958992004395e-02 1.188189908862113953e-02
6.320500373840332031e-02 1.174448523670434952e-02
6.080105155706405640e-02 1.376602519303560257e-02
6.332130730152130127e-02 1.164970081299543381e-02
6.300754845142364502e-02 1.210700534284114838e-02
6.322021037340164185e-02 1.179795060306787491e-02
6.310363113880157471e-02 1.264850609004497528e-02
6.326243281364440918e-02 1.218045130372047424e-02
6.216124445199966431e-02 1.265017129480838776e-02
6.315706670284271240e-02 1.136094983667135239e-02
6.310772895812988281e-02 1.185759715735912323e-02
6.324689835309982300e-02 1.180470269173383713e-02
6.300432235002517700e-02 1.191868446767330170e-02
6.301558762788772583e-02 1.180478837341070175e-02
6.315211206674575806e-02 1.250108983367681503e-02
6.324024498462677002e-02 1.188964769244194031e-02
6.326449662446975708e-02 1.245539542287588120e-02
6.275890767574310303e-02 1.215438358485698700e-02
6.323434412479400635e-02 1.183971296995878220e-02
6.307306885719299316e-02 1.230815518647432327e-02
6.328952312469482422e-02 1.206973195075988770e-02
5.722437053918838501e-02 1.682900451123714447e-02
6.207019835710525513e-02 1.305630803108215332e-02
6.020743399858474731e-02 1.456850022077560425e-02
5.991844087839126587e-02 1.455773971974849701e-02
6.333455443382263184e-02 1.241085119545459747e-02
6.325077265501022339e-02 1.282511372119188309e-02
6.333850324153900146e-02 1.227841340005397797e-02
6.288479268550872803e-02 1.271298807114362717e-02
6.331209838390350342e-02 1.258611399680376053e-02
6.103045120835304260e-02 1.380139961838722229e-02
6.367969512939453125e-02 1.207625772804021835e-02
6.352903693914413452e-02 1.204509194940328598e-02
6.331494450569152832e-02 1.237126439809799194e-02
6.327627599239349365e-02 1.215326972305774689e-02
6.317505985498428345e-02 1.258878223598003387e-02
6.328383088111877441e-02 1.201338134706020355e-02
6.325079500675201416e-02 1.250373385846614838e-02
6.321696192026138306e-02 1.201513316482305527e-02
6.312721967697143555e-02 1.250201929360628128e-02
6.318039447069168091e-02 1.237490400671958923e-02
6.295170634984970093e-02 1.241405773907899857e-02
6.299122422933578491e-02 1.255218125879764557e-02
6.038833037018775940e-02 1.434490829706192017e-02
6.314615160226821899e-02 1.235069800168275833e-02
6.303819268941879272e-02 1.250462699681520462e-02
6.150482222437858582e-02 1.350898854434490204e-02
6.318900734186172485e-02 1.206002198159694672e-02
6.320714205503463745e-02 1.240533869713544846e-02
6.306105107069015503e-02 1.234894432127475739e-02
6.292305141687393188e-02 1.222039852291345596e-02
6.281999498605728149e-02 1.252854056656360626e-02
6.295898556709289551e-02 1.212448254227638245e-02
6.320155411958694458e-02 1.221201289445161819e-02
6.320385634899139404e-02 1.209780294448137283e-02
6.301773339509963989e-02 1.226614043116569519e-02
6.314706057310104370e-02 1.218106970191001892e-02
6.306945532560348511e-02 1.221854053437709808e-02
6.227510794997215271e-02 1.295520085841417313e-02
6.304094940423965454e-02 1.223186124116182327e-02
6.300806999206542969e-02 1.203793007880449295e-02
6.286197900772094727e-02 1.242954563349485397e-02
6.301400065422058105e-02 1.187970116734504700e-02
6.294739246368408203e-02 1.187005545943975449e-02
6.298379600048065186e-02 1.202933490276336670e-02
6.316693872213363647e-02 1.187299657613039017e-02
6.217263266444206238e-02 1.291032228618860245e-02
6.298085302114486694e-02 1.232038065791130066e-02
6.311631202697753906e-02 1.175736542791128159e-02
6.311552226543426514e-02 1.179589331150054932e-02
6.315971910953521729e-02 1.192433573305606842e-02
6.251822412014007568e-02 1.215436682105064392e-02
6.321427226066589355e-02 1.168272923678159714e-02
6.289669126272201538e-02 1.165162399411201477e-02
6.322316825389862061e-02 1.151718106120824814e-02
6.251654773950576782e-02 1.228321716189384460e-02
6.327740103006362915e-02 1.148694194853305817e-02
6.295570731163024902e-02 1.224982831627130508e-02
6.130599975585937500e-02 1.326541788876056671e-02
6.213467940688133240e-02 1.240232959389686584e-02
6.099570542573928833e-02 1.327071618288755417e-02
6.179608777165412903e-02 1.268758252263069153e-02
5.875387787818908691e-02 1.535623334348201752e-02
6.226833537220954895e-02 1.225233357399702072e-02
6.223306059837341309e-02 1.236594282090663910e-02
5.990034714341163635e-02 1.441134605556726456e-02
6.283980607986450195e-02 1.202973630279302597e-02
6.205331906676292419e-02 1.268785446882247925e-02
6.313569098711013794e-02 1.163066457957029343e-02
6.135337427258491516e-02 1.345309615135192871e-02
6.209506839513778687e-02 1.234406791627407074e-02
6.125994026660919189e-02 1.329866796731948853e-02
6.243849918246269226e-02 1.234827656298875809e-02
6.323809176683425903e-02 1.153778284788131714e-02
5.842511728405952454e-02 1.575156487524509430e-02
6.324412673711776733e-02 1.153723616153001785e-02
6.023022904992103577e-02 1.413599029183387756e-02
5.365509167313575745e-02 1.960760168731212616e-02
6.246271356940269470e-02 1.218333281576633453e-02
6.094571202993392944e-02 1.342553272843360901e-02
6.297849863767623901e-02 1.171812135726213455e-02
6.084456294775009155e-02 1.339218486100435257e-02
6.275338679552078247e-02 1.183080580085515976e-02
6.135330721735954285e-02 1.307564042508602142e-02
6.106311082839965820e-02 1.328339986503124237e-02
6.138087064027786255e-02 1.288719289004802704e-02
6.273766607046127319e-02 1.169566716998815536e-02
5.961184576153755188e-02 1.428053621202707291e-02
6.198737397789955139e-02 1.208021305501461029e-02
6.284493207931518555e-02 1.132987067103385925e-02
6.301092356443405151e-02 1.099576056003570557e-02
6.256054341793060303e-02 1.179600227624177933e-02
6.295467913150787354e-02 1.090696454048156738e-02
6.173487752676010132e-02 1.226775906980037689e-02
6.150466203689575195e-02 1.263875048607587814e-02
6.160008534789085388e-02 1.229305565357208252e-02
6.261707842350006104e-02 1.118917390704154968e-02
6.317223608493804932e-02 1.042348518967628479e-02
6.239610910415649414e-02 1.151675358414649963e-02
6.225525960326194763e-02 1.196702476590871811e-02
6.184999644756317139e-02 1.215889863669872284e-02
5.183367431163787842e-02 2.068890258669853210e-02
6.017907708883285522e-02 1.357932388782501221e-02
6.003272905945777893e-02 1.358231715857982635e-02
6.092206388711929321e-02 1.295850705355405807e-02
6.155193597078323364e-02 1.242337934672832489e-02
5.586355552077293396e-02 1.754665747284889221e-02
6.090856716036796570e-02 1.301159802824258804e-02
6.228611618280410767e-02 1.200612727552652359e-02
6.098832190036773682e-02 1.296784076839685440e-02
6.300187855958938599e-02 1.134199555963277817e-02
6.263823062181472778e-02 1.156871207058429718e-02
5.573857203125953674e-02 1.765046268701553345e-02
5.343844741582870483e-02 1.967983320355415344e-02
6.036126986145973206e-02 1.354262605309486389e-02
5.754229798913002014e-02 1.595997065305709839e-02
6.051590666174888611e-02 1.366196572780609131e-02
6.073063239455223083e-02 1.314521953463554382e-02
6.155877187848091125e-02 1.320063881576061249e-02
6.158491224050521851e-02 1.234056800603866577e-02
6.139409542083740234e-02 1.345634739845991135e-02
5.960919708013534546e-02 1.510139647871255875e-02
5.933400243520736694e-02 1.507303677499294281e-02
5.995053052902221680e-02 1.451887190341949463e-02
6.088385730981826782e-02 1.377591211348772049e-02
5.565581470727920532e-02 1.820083707571029663e-02
5.775465071201324463e-02 1.649743504822254181e-02
5.758432298898696899e-02 1.635969616472721100e-02
6.049146503210067749e-02 1.350068021565675735e-02
6.152356043457984924e-02 1.293289288878440857e-02
6.168280541896820068e-02 1.253822818398475647e-02
6.136798858642578125e-02 1.266000419855117798e-02
5.695358663797378540e-02 1.637417264282703400e-02
6.280965358018875122e-02 1.104318350553512573e-02
6.286232918500900269e-02 1.014216803014278412e-02
6.270377337932586670e-02 1.078755129128694534e-02
6.306893378496170044e-02 1.053763553500175476e-02
6.205873936414718628e-02 1.185112539678812027e-02
6.280560046434402466e-02 1.076157018542289734e-02
6.300885230302810669e-02 1.072676852345466614e-02
6.275839358568191528e-02 1.076963543891906738e-02
6.318337470293045044e-02 1.092475000768899918e-02
6.267116963863372803e-02 1.081233378499746323e-02
6.053959578275680542e-02 1.301799342036247253e-02
6.199137493968009949e-02 1.164064463227987289e-02
6.314768642187118530e-02 1.025859918445348740e-02
6.278319656848907471e-02 1.090491749346256256e-02
6.270613521337509155e-02 1.079027447849512100e-02
6.188020110130310059e-02 1.191802974790334702e-02
6.116134300827980042e-02 1.267072185873985291e-02
6.314589083194732666e-02 1.044530048966407776e-02
6.307754665613174438e-02 1.052660867571830750e-02
6.297293305397033691e-02 1.029138918966054916e-02
5.888565629720687866e-02 1.424309145659208298e-02
6.180818751454353333e-02 1.181073766201734543e-02
6.296371668577194214e-02 1.079271268099546432e-02
6.291148811578750610e-02 1.085852086544036865e-02
6.278876215219497681e-02 1.134176645427942276e-02
6.250333040952682495e-02 1.155096106231212616e-02
5.507813021540641785e-02 1.827791333198547363e-02
6.326869130134582520e-02 1.092512533068656921e-02
6.224086135625839233e-02 1.199865154922008514e-02
6.257310509681701660e-02 1.155709102749824524e-02
6.233295798301696777e-02 1.170143857598304749e-02
5.776089429855346680e-02 1.616820320487022400e-02
6.323474645614624023e-02 1.084601040929555893e-02
6.217546761035919189e-02 1.216317992657423019e-02
6.328570097684860229e-02 1.107307430356740952e-02
6.120755523443222046e-02 1.306555420160293579e-02
6.329654902219772339e-02 1.072413753718137741e-02
6.175168976187705994e-02 1.222735922783613205e-02
6.143840402364730835e-02 1.215438265353441238e-02
6.337417662143707275e-02 1.053827442228794098e-02
6.292887032032012939e-02 1.084339804947376251e-02
6.333851069211959839e-02 1.051921769976615906e-02
6.297592073678970337e-02 1.033653039485216141e-02
6.327586621046066284e-02 1.057769171893596649e-02
6.344378739595413208e-02 9.861848317086696625e-03
6.324961036443710327e-02 1.041479036211967468e-02
6.324096769094467163e-02 1.024923287332057953e-02
6.313834339380264282e-02 1.138857565820217133e-02
6.320124119520187378e-02 1.111134979873895645e-02
6.319446116685867310e-02 1.076104305684566498e-02
6.326082348823547363e-02 1.050838176161050797e-02
6.230415776371955872e-02 1.230664364993572235e-02
6.335606426000595093e-02 1.009924430400133133e-02
6.318412721157073975e-02 1.080572791397571564e-02
6.177023798227310181e-02 1.197903137654066086e-02
6.268716603517532349e-02 1.122244819998741150e-02
6.319333612918853760e-02 1.110867690294981003e-02
6.314806640148162842e-02 1.147588714957237244e-02
6.295487284660339355e-02 1.187546551227569580e-02
6.114992126822471619e-02 1.322954893112182617e-02
6.287407130002975464e-02 1.190033368766307831e-02
5.736650899052619934e-02 1.638701185584068298e-02
6.212026625871658325e-02 1.258833985775709152e-02
6.322075426578521729e-02 1.190819311887025833e-02
6.274109333753585815e-02 1.189744193106889725e-02
5.917355418205261230e-02 1.476285327225923538e-02
6.314710527658462524e-02 1.185372192412614822e-02
6.317356228828430176e-02 1.190266385674476624e-02
6.308919191360473633e-02 1.197326742112636566e-02
6.309974938631057739e-02 1.232251338660717010e-02
6.045214831829071045e-02 1.403082162141799927e-02
6.287490576505661011e-02 1.202752720564603806e-02
6.206859648227691650e-02 1.260045636445283890e-02
6.005484983325004578e-02 1.454551517963409424e-02
6.284230947494506836e-02 1.243153586983680725e-02
6.200572103261947632e-02 1.263778842985630035e-02
6.327255070209503174e-02 1.138318423181772232e-02
6.318842619657516479e-02 1.139374822378158569e-02
6.314254552125930786e-02 1.139234378933906555e-02
6.296140700578689575e-02 1.128765475004911423e-02
6.313544511795043945e-02 1.083719637244939804e-02
6.260050833225250244e-02 1.164817903190851212e-02
6.274753063917160034e-02 1.172067690640687943e-02
6.275075674057006836e-02 1.180695649236440659e-02
5.520814657211303711e-02 1.841283403337001801e-02
6.171601265668869019e-02 1.228860206902027130e-02
6.171576678752899170e-02 1.253569591790437698e-02
6.312621384859085083e-02 1.039644144475460052e-02
6.330268085002899170e-02 1.023966353386640549e-02
6.307226419448852539e-02 1.043716166168451309e-02
5.930030345916748047e-02 1.408176310360431671e-02
5.970815196633338928e-02 1.392194814980030060e-02
6.057368963956832886e-02 1.330431830137968063e-02
6.116243079304695129e-02 1.289538294076919556e-02
6.098499149084091187e-02 1.277056336402893066e-02
6.088032945990562439e-02 1.276647020131349564e-02
5.676763877272605896e-02 1.721383631229400635e-02
5.795297771692276001e-02 1.615134440362453461e-02
5.970597267150878906e-02 1.440444681793451309e-02
5.427267402410507202e-02 1.906438171863555908e-02
5.531411617994308472e-02 1.846230588853359222e-02
5.696257576346397400e-02 1.699087955057621002e-02
5.771339312195777893e-02 1.613743789494037628e-02
5.940044671297073364e-02 1.468999311327934265e-02
5.844223499298095703e-02 1.556905917823314667e-02
5.834258720278739929e-02 1.590307056903839111e-02
5.430854484438896179e-02 1.908093877136707306e-02
5.631457641720771790e-02 1.720441691577434540e-02
5.782883614301681519e-02 1.616420410573482513e-02
5.618074163794517517e-02 1.763892360031604767e-02
5.935545265674591064e-02 1.484499126672744751e-02
6.032659485936164856e-02 1.387045159935951233e-02
5.661851912736892700e-02 1.722974330186843872e-02
5.424869433045387268e-02 1.925796084105968475e-02
6.086601689457893372e-02 1.297213509678840637e-02
5.525976046919822693e-02 1.812428236007690430e-02
6.105263158679008484e-02 1.278471015393733978e-02
6.174920871853828430e-02 1.226594485342502594e-02
5.859763175249099731e-02 1.528232358396053314e-02
6.005539745092391968e-02 1.385032664984464645e-02
5.841109529137611389e-02 1.527611538767814636e-02
6.163189932703971863e-02 1.215942203998565674e-02
6.143267080187797546e-02 1.230521779507398605e-02
6.110005825757980347e-02 1.256183441728353500e-02
6.101641058921813965e-02 1.275944150984287262e-02
6.209289282560348511e-02 1.161496806889772415e-02
6.293001770973205566e-02 1.057027094066143036e-02
6.319634616374969482e-02 1.144052855670452118e-02
6.306880712509155273e-02 1.143880002200603485e-02
6.318306177854537964e-02 1.194944046437740326e-02
6.334275752305984497e-02 1.152839511632919312e-02
6.329486519098281860e-02 1.140752620995044708e-02
6.336327642202377319e-02 1.094064023345708847e-02
6.316043436527252197e-02 1.133363693952560425e-02
6.312554329633712769e-02 1.134684309363365173e-02
6.311212480068206787e-02 1.177294272929430008e-02
6.290639191865921021e-02 1.134466193616390228e-02
6.323302537202835083e-02 1.124605163931846619e-02
6.319383531808853149e-02 1.136463973671197891e-02
6.313887238502502441e-02 1.090717501938343048e-02
6.313524395227432251e-02 1.118215732276439667e-02
6.305835396051406860e-02 1.116377487778663635e-02
6.309435516595840454e-02 1.130745373666286469e-02
6.333594769239425659e-02 1.108366623520851135e-02
6.311064213514328003e-02 1.051050797104835510e-02
6.318492442369461060e-02 1.146927755326032639e-02
6.326586753129959106e-02 1.067927572876214981e-02
6.319385021924972534e-02 1.041180361062288284e-02
6.314317137002944946e-02 9.883431717753410339e-03
6.299269944429397583e-02 1.087762974202632904e-02
6.287045776844024658e-02 1.040828227996826172e-02
6.295216828584671021e-02 1.076108217239379883e-02
6.316229701042175293e-02 9.929886087775230408e-03
6.291319429874420166e-02 1.022686250507831573e-02
6.308045983314514160e-02 1.068107038736343384e-02
6.307079643011093140e-02 1.136698853224515915e-02
6.293496489524841309e-02 1.138070411980152130e-02
6.314929574728012085e-02 1.128947548568248749e-02
6.320274621248245239e-02 1.140630152076482773e-02
6.283685564994812012e-02 1.167806051671504974e-02
6.284305453300476074e-02 1.161961816251277924e-02
6.230626627802848816e-02 1.201450452208518982e-02
6.286103278398513794e-02 1.150245778262615204e-02
6.286823749542236328e-02 1.151238568127155304e-02
6.288669258356094360e-02 1.156498771160840988e-02
6.309142708778381348e-02 1.213338319212198257e-02
6.328170001506805420e-02 1.207835692912340164e-02
6.290560215711593628e-02 1.133096311241388321e-02
6.318599730730056763e-02 1.157110277563333511e-02
6.319132447242736816e-02 1.041016168892383575e-02
6.283704191446304321e-02 1.045036688446998596e-02
6.311373412609100342e-02 1.061165612190961838e-02
6.286192685365676880e-02 1.105958968400955200e-02
6.291624158620834351e-02 1.185724791139364243e-02
6.307402253150939941e-02 1.214188337326049805e-02
6.306964904069900513e-02 1.134313642978668213e-02
6.306490302085876465e-02 1.153253763914108276e-02
6.291738152503967285e-02 1.120394561439752579e-02
6.295090913772583008e-02 1.136158034205436707e-02
6.308105587959289551e-02 1.155156828463077545e-02
6.289207190275192261e-02 1.151901390403509140e-02
6.298053264617919922e-02 1.140818092972040176e-02
6.313747912645339966e-02 1.051762420684099197e-02
6.311151385307312012e-02 1.096721086651086807e-02
6.308515369892120361e-02 1.112852338701486588e-02
6.308490782976150513e-02 1.204146724194288254e-02
6.294482946395874023e-02 1.078738085925579071e-02
6.300005316734313965e-02 1.200933381915092468e-02
6.304941326379776001e-02 1.190231274813413620e-02
6.300435960292816162e-02 1.179047208279371262e-02
6.288806349039077759e-02 1.189071964472532272e-02
6.314272433519363403e-02 1.211641542613506317e-02
6.325290352106094360e-02 1.172608043998479843e-02
6.293001025915145874e-02 1.187599077820777893e-02
6.316000968217849731e-02 1.224144548177719116e-02
6.302578747272491455e-02 1.208071690052747726e-02
6.307664513587951660e-02 1.266848854720592499e-02
6.250472366809844971e-02 1.283795572817325592e-02
6.319947540760040283e-02 1.184282265603542328e-02
6.331230700016021729e-02 1.189076155424118042e-02
6.309700012207031250e-02 1.201453898102045059e-02
6.288539618253707886e-02 1.167251355946063995e-02
6.225618720054626465e-02 1.265913061797618866e-02
6.297182291746139526e-02 1.154446415603160858e-02
6.289428472518920898e-02 1.123768929392099380e-02
6.289112567901611328e-02 1.109932269901037216e-02
6.296510994434356689e-02 1.137916836887598038e-02
6.307178735733032227e-02 1.087042503058910370e-02
6.277327239513397217e-02 1.090055610984563828e-02
6.288603693246841431e-02 1.091764308512210846e-02
6.292895972728729248e-02 1.028149481862783432e-02
6.315840780735015869e-02 1.017628703266382217e-02
6.309768557548522949e-02 1.042179949581623077e-02
6.302400678396224976e-02 1.017861999571323395e-02
6.334396451711654663e-02 9.461134672164916992e-03
6.295260041952133179e-02 1.051341276615858078e-02
6.303504854440689087e-02 1.009798049926757812e-02
6.323722749948501587e-02 1.008602511137723923e-02
6.329359114170074463e-02 1.027530431747436523e-02
6.319469958543777466e-02 1.045217551290988922e-02
6.288499385118484497e-02 1.088770013302564621e-02
6.300695240497589111e-02 1.033823937177658081e-02
6.312343478202819824e-02 1.008172892034053802e-02
6.316012144088745117e-02 9.892050176858901978e-03
6.294931471347808838e-02 1.033982355147600174e-02
6.300702691078186035e-02 1.050077006220817566e-02
6.282330304384231567e-02 1.097244583070278168e-02
6.302189826965332031e-02 1.037244498729705811e-02
6.328680366277694702e-02 9.987443685531616211e-03
6.281399726867675781e-02 1.135119702666997910e-02
6.168658658862113953e-02 1.241726428270339966e-02
6.272001564502716064e-02 1.136551611125469208e-02
6.281391531229019165e-02 1.111288554966449738e-02
6.268558651208877563e-02 1.155753433704376221e-02
6.305717676877975464e-02 1.108335424214601517e-02
5.806349590420722961e-02 1.560457795858383179e-02
6.184946000576019287e-02 1.197803579270839691e-02
6.122248992323875427e-02 1.260863337665796280e-02
6.310062110424041748e-02 1.080210227519273758e-02
6.286915391683578491e-02 1.094696763902902603e-02
6.285014003515243530e-02 1.108960248529911041e-02
6.273192912340164185e-02 1.135451160371303558e-02
6.279240548610687256e-02 1.107668038457632065e-02
6.300201267004013062e-02 1.080467272549867630e-02
6.295587867498397827e-02 1.105730887502431870e-02
6.289527565240859985e-02 1.110245194286108017e-02
6.279201060533523560e-02 1.162410713732242584e-02
6.290765106678009033e-02 1.072669681161642075e-02
6.303768604993820190e-02 1.081078685820102692e-02
6.277836859226226807e-02 1.133291609585285187e-02
6.291580945253372192e-02 1.074809953570365906e-02
6.283923983573913574e-02 1.080553792417049408e-02
6.273348629474639893e-02 1.128443330526351929e-02
6.302974373102188110e-02 1.118298992514610291e-02
6.298707425594329834e-02 1.108452863991260529e-02
6.309821456670761108e-02 1.083726622164249420e-02
6.304362416267395020e-02 1.085672993212938309e-02
6.313445419073104858e-02 1.196571718901395798e-02
6.283511966466903687e-02 1.100211963057518005e-02
6.322158128023147583e-02 1.135992351919412613e-02
6.308713555335998535e-02 1.067771203815937042e-02
6.310154497623443604e-02 1.039947755634784698e-02
6.311161816120147705e-02 1.011285558342933655e-02
6.321070343255996704e-02 1.047868095338344574e-02
6.328795105218887329e-02 1.017078850418329239e-02
6.319273263216018677e-02 9.907191619277000427e-03
6.322065740823745728e-02 1.140238437801599503e-02
6.320622563362121582e-02 1.153883244842290878e-02
6.317383795976638794e-02 1.017863582819700241e-02
6.328473240137100220e-02 9.848220273852348328e-03
6.303346157073974609e-02 1.104901544749736786e-02
6.317780911922454834e-02 9.797845035791397095e-03
6.320999562740325928e-02 9.505021385848522186e-03
6.316521763801574707e-02 1.112857274711132050e-02
6.304021924734115601e-02 1.098378282040357590e-02
6.308750063180923462e-02 1.102533563971519470e-02
6.316255778074264526e-02 1.094524189829826355e-02
6.315948069095611572e-02 1.105188205838203430e-02
6.291852146387100220e-02 1.105193607509136200e-02
6.296858936548233032e-02 1.085292734205722809e-02
6.315942853689193726e-02 1.109099946916103363e-02
6.305231899023056030e-02 1.099724508821964264e-02
6.318391859531402588e-02 1.067518070340156555e-02
6.327933818101882935e-02 1.097149122506380081e-02
6.319601088762283325e-02 1.120457239449024200e-02
6.331602483987808228e-02 1.099020522087812424e-02
6.321476399898529053e-02 1.120062358677387238e-02
6.337066739797592163e-02 1.080011297017335892e-02
6.327245384454727173e-02 1.048334129154682159e-02
6.331921368837356567e-02 1.084252260625362396e-02
6.318670511245727539e-02 1.114710047841072083e-02
6.328842788934707642e-02 1.078382320702075958e-02
6.318785995244979858e-02 1.091448124498128891e-02
6.337776780128479004e-02 1.007713470607995987e-02
6.326580047607421875e-02 1.018729805946350098e-02
6.324648112058639526e-02 1.073140185326337814e-02
6.316956132650375366e-02 1.121962163597345352e-02
6.326547265052795410e-02 1.041796058416366577e-02
6.329679489135742188e-02 1.090275496244430542e-02
6.319757550954818726e-02 1.135541684925556183e-02
6.319840997457504272e-02 1.148546673357486725e-02
6.320391595363616943e-02 1.142073422670364380e-02
6.307251751422882080e-02 1.063471846282482147e-02
6.315863877534866333e-02 1.026913989335298538e-02
6.306339800357818604e-02 1.050366275012493134e-02
6.317470967769622803e-02 9.617296047508716583e-03
6.334110349416732788e-02 1.072307396680116653e-02
6.326980888843536377e-02 1.032442227005958557e-02
6.328170001506805420e-02 1.040678843855857849e-02
6.317580491304397583e-02 1.092406641691923141e-02
6.328906118869781494e-02 1.053564529865980148e-02
6.330554932355880737e-02 1.066154800355434418e-02
6.304395198822021484e-02 1.151346508413553238e-02
6.314492970705032349e-02 1.148212142288684845e-02
6.315355747938156128e-02 1.146411430090665817e-02
6.333822011947631836e-02 1.103842724114656448e-02
6.317262351512908936e-02 1.141783222556114197e-02
6.331621110439300537e-02 1.031039934605360031e-02
6.332402676343917847e-02 1.024044118821620941e-02
6.335368752479553223e-02 1.076029054820537567e-02
6.331010907888412476e-02 1.037909742444753647e-02
6.325644999742507935e-02 1.072777807712554932e-02
6.317934393882751465e-02 1.044688839465379715e-02
6.330423057079315186e-02 1.023271121084690094e-02
6.327460706233978271e-02 1.068940758705139160e-02
6.333177536725997925e-02 1.067336089909076691e-02
6.321253627538681030e-02 1.089208945631980896e-02
6.310974806547164917e-02 1.053076796233654022e-02
6.290493160486221313e-02 1.080204546451568604e-02
6.319245696067810059e-02 1.101773977279663086e-02
6.340851634740829468e-02 1.013061963021755219e-02
6.300849467515945435e-02 1.082466170191764832e-02
6.205250322818756104e-02 1.233628857880830765e-02
6.341136246919631958e-02 9.976970963180065155e-03
6.158963963389396667e-02 1.266736071556806564e-02
6.200332194566726685e-02 1.246402878314256668e-02
6.346356123685836792e-02 1.055814791470766068e-02
6.349232047796249390e-02 1.045104023069143295e-02
6.306337565183639526e-02 1.110433321446180344e-02
6.290920078754425049e-02 1.164395641535520554e-02
6.322862207889556885e-02 1.084818970412015915e-02
6.304930895566940308e-02 1.160753238946199417e-02
6.299724429845809937e-02 1.193835120648145676e-02
6.324464827775955200e-02 1.066490914672613144e-02
6.322447955608367920e-02 1.133398059755563736e-02
6.324056535959243774e-02 1.092679146677255630e-02
5.802267417311668396e-02 1.584772393107414246e-02
6.290943920612335205e-02 1.132475771009922028e-02
6.129107996821403503e-02 1.224644295871257782e-02
6.300917267799377441e-02 1.173319946974515915e-02
6.297397613525390625e-02 1.110190991312265396e-02
6.319055706262588501e-02 1.112207863479852676e-02
6.268451362848281860e-02 1.197113469243049622e-02
6.327660381793975830e-02 1.038469932973384857e-02
6.327775120735168457e-02 1.094102021306753159e-02
6.310434639453887939e-02 1.183409523218870163e-02
6.321538239717483521e-02 9.890333749353885651e-03
6.323856860399246216e-02 1.009887736290693283e-02
6.309585273265838623e-02 1.098263263702392578e-02
6.309738010168075562e-02 1.170290820300579071e-02
6.323736160993576050e-02 1.070512924343347549e-02
6.322094053030014038e-02 1.078138407319784164e-02
6.325428187847137451e-02 1.042691711336374283e-02
6.321687251329421997e-02 1.093289628624916077e-02
6.320140510797500610e-02 1.075692102313041687e-02
6.299246847629547119e-02 1.206922717392444611e-02
6.325562298297882080e-02 1.176515407860279083e-02
6.319701671600341797e-02 1.184160448610782623e-02
6.317628920078277588e-02 1.164294965565204620e-02
6.343857944011688232e-02 1.127167977392673492e-02
6.309009343385696411e-02 1.190507598221302032e-02
6.316038966178894043e-02 1.150764804333448410e-02
6.318584084510803223e-02 1.173128094524145126e-02
6.319654732942581177e-02 1.167489029467105865e-02
6.309623271226882935e-02 1.176950801163911819e-02
6.308902055025100708e-02 1.202965900301933289e-02
6.320142745971679688e-02 1.165546290576457977e-02
6.312313675880432129e-02 1.136663556098937988e-02
6.323980540037155151e-02 1.193494908511638641e-02
6.320589780807495117e-02 1.168301608413457870e-02
6.323266029357910156e-02 1.207936368882656097e-02
6.327893584966659546e-02 1.192849688231945038e-02
6.302697956562042236e-02 1.221066154539585114e-02
6.322726607322692871e-02 1.178103685379028320e-02
6.322180479764938354e-02 1.105205435305833817e-02
6.315939873456954956e-02 1.197034865617752075e-02
6.326177716255187988e-02 1.184821873903274536e-02
6.316195428371429443e-02 1.198552176356315613e-02
6.298663467168807983e-02 1.203447952866554260e-02
6.323078274726867676e-02 1.090974174439907074e-02
6.318041682243347168e-02 1.145734824240207672e-02
6.323240697383880615e-02 1.183152850717306137e-02
6.322647631168365479e-02 1.201540324836969376e-02
6.313997507095336914e-02 1.178794074803590775e-02
6.306375563144683838e-02 1.200263481587171555e-02
6.321620196104049683e-02 1.165426243096590042e-02
6.313598155975341797e-02 1.124505139887332916e-02
6.328812241554260254e-02 1.109767891466617584e-02
6.325071305036544800e-02 1.125714369118213654e-02
6.326483190059661865e-02 1.126411929726600647e-02
6.322919577360153198e-02 1.096497848629951477e-02
6.326306611299514771e-02 1.076274365186691284e-02
6.300233304500579834e-02 1.151165831834077835e-02
6.181054562330245972e-02 1.220234110951423645e-02
6.318984925746917725e-02 1.054507400840520859e-02
6.183270737528800964e-02 1.229687407612800598e-02
6.294909119606018066e-02 1.179771963506937027e-02
