4.701265692710876465e-02 2.453073672950267792e-02
4.505540430545806885e-02 2.608651295304298401e-02
4.961001873016357422e-02 2.259292826056480408e-02
4.550702124834060669e-02 2.564147859811782837e-02
4.602028429508209229e-02 2.528387308120727539e-02
4.373344406485557556e-02 2.702048420906066895e-02
4.093459993600845337e-02 2.894333750009536743e-02
4.232432693243026733e-02 2.787367440760135651e-02
4.551362991333007812e-02 2.556240931153297424e-02
4.644843563437461853e-02 2.496753819286823273e-02
4.222703352570533752e-02 2.794067561626434326e-02
4.518178105354309082e-02 2.587818726897239685e-02
4.218933358788490295e-02 2.798260375857353210e-02
4.330140352249145508e-02 2.721778117120265961e-02
4.653147980570793152e-02 2.486778609454631805e-02
4.504990205168724060e-02 2.581086382269859314e-02
4.705932363867759705e-02 2.435557171702384949e-02
4.405003041028976440e-02 2.654521167278289795e-02
4.648135229945182800e-02 2.483941987156867981e-02
4.662646353244781494e-02 2.489637024700641632e-02
4.486211016774177551e-02 2.607108093798160553e-02
4.568534716963768005e-02 2.540794387459754944e-02
4.510601609945297241e-02 2.602500282227993011e-02
4.836909472942352295e-02 2.359599620103836060e-02
4.478459805250167847e-02 2.626655995845794678e-02
4.631428048014640808e-02 2.497413568198680878e-02
4.838071390986442566e-02 2.350763976573944092e-02
4.651009663939476013e-02 2.481964975595474243e-02
4.707842692732810974e-02 2.435183338820934296e-02
4.342065006494522095e-02 2.713024988770484924e-02
4.608714208006858826e-02 2.530099079012870789e-02
3.932889923453330994e-02 2.973864413797855377e-02
4.395194724202156067e-02 2.685119211673736572e-02
4.321311041712760925e-02 2.737050876021385193e-02
4.468663781881332397e-02 2.633590810000896454e-02
4.507272690534591675e-02 2.625622414052486420e-02
4.419981315732002258e-02 2.684742584824562073e-02
4.096875712275505066e-02 2.891157008707523346e-02
4.199066758155822754e-02 2.811648510396480560e-02
4.208539053797721863e-02 2.816225774586200714e-02
4.232683777809143066e-02 2.792841941118240356e-02
4.083820804953575134e-02 2.904981561005115509e-02
4.139612615108489990e-02 2.872457355260848999e-02
4.232155531644821167e-02 2.803239971399307251e-02
4.211838543415069580e-02 2.802724763751029968e-02
4.219749197363853455e-02 2.810603752732276917e-02
3.951500728726387024e-02 2.986709959805011749e-02
4.415407031774520874e-02 2.687081880867481232e-02
4.252557829022407532e-02 2.787085995078086853e-02
4.167676717042922974e-02 2.832889556884765625e-02
4.223922267556190491e-02 2.803510613739490509e-02
4.242790862917900085e-02 2.782418206334114075e-02
4.440127685666084290e-02 2.647134847939014435e-02
4.592940211296081543e-02 2.544823475182056427e-02
4.303845763206481934e-02 2.740851789712905884e-02
4.595165699720382690e-02 2.534951828420162201e-02
4.360992833971977234e-02 2.701504342257976532e-02
4.724096506834030151e-02 2.449708618223667145e-02
4.626695811748504639e-02 2.503785118460655212e-02
4.333002865314483643e-02 2.710722386837005615e-02
4.506655782461166382e-02 2.595303393900394440e-02
4.396754503250122070e-02 2.675243653357028961e-02
4.453516751527786255e-02 2.640823088586330414e-02
4.698478430509567261e-02 2.468368411064147949e-02
4.498641937971115112e-02 2.607245743274688721e-02
4.449437558650970459e-02 2.629086561501026154e-02
4.530964791774749756e-02 2.576072700321674347e-02
4.541083797812461853e-02 2.564175426959991455e-02
4.756926000118255615e-02 2.417654730379581451e-02
4.464857280254364014e-02 2.611211873590946198e-02
4.309486970305442810e-02 2.732784487307071686e-02
4.184384644031524658e-02 2.814614027738571167e-02
4.231607168912887573e-02 2.778660506010055542e-02
4.240186884999275208e-02 2.772510237991809845e-02
4.136539995670318604e-02 2.841919846832752228e-02
4.374513402581214905e-02 2.676651626825332642e-02
4.293304309248924255e-02 2.737515047192573547e-02
4.551269114017486572e-02 2.557963319122791290e-02
4.286979883909225464e-02 2.752117812633514404e-02
4.231434315443038940e-02 2.769807167351245880e-02
4.422157257795333862e-02 2.644620276987552643e-02
4.332340508699417114e-02 2.714668214321136475e-02
4.170492291450500488e-02 2.823407202959060669e-02
3.968815505504608154e-02 2.965871058404445648e-02
4.099158570170402527e-02 2.878490276634693146e-02
4.026171192526817322e-02 2.937468327581882477e-02
4.138961061835289001e-02 2.862419933080673218e-02
4.781941697001457214e-02 2.393467351794242859e-02
4.906057566404342651e-02 2.294837869703769684e-02
4.958331957459449768e-02 2.244934625923633575e-02
5.316052213311195374e-02 1.983692869544029236e-02
5.201375484466552734e-02 2.093561738729476929e-02
5.900514498353004456e-02 1.515570655465126038e-02
5.448462441563606262e-02 1.894111186265945435e-02
5.704978108406066895e-02 1.687457598745822906e-02
5.913057550787925720e-02 1.483578793704509735e-02
6.158977001905441284e-02 1.248371135443449020e-02
6.054911762475967407e-02 1.349046360701322556e-02
6.140996515750885010e-02 1.242288388311862946e-02
6.072545796632766724e-02 1.320230122655630112e-02
6.221976876258850098e-02 1.180852856487035751e-02
6.074048951268196106e-02 1.346457283943891525e-02
5.892375856637954712e-02 1.500298269093036652e-02
5.523337423801422119e-02 1.813789084553718567e-02
4.652043804526329041e-02 2.505079656839370728e-02
4.669774696230888367e-02 2.480145730078220367e-02
4.878468066453933716e-02 2.323313243687152863e-02
4.799778014421463013e-02 2.369272150099277496e-02
4.661324620246887207e-02 2.486075460910797119e-02
4.713089391589164734e-02 2.434294298291206360e-02
4.610704630613327026e-02 2.532340586185455322e-02
4.828505218029022217e-02 2.361430786550045013e-02
4.821884259581565857e-02 2.365034818649291992e-02
4.967926442623138428e-02 2.264463156461715698e-02
4.670591652393341064e-02 2.462442778050899506e-02
5.183623731136322021e-02 2.090042643249034882e-02
5.406246706843376160e-02 1.911180838942527771e-02
5.057254433631896973e-02 2.186156436800956726e-02
5.044845491647720337e-02 2.197301760315895081e-02
4.543100669980049133e-02 2.571443095803260803e-02
4.601199924945831299e-02 2.523713000118732452e-02
4.494415223598480225e-02 2.616509795188903809e-02
5.401679500937461853e-02 1.917352899909019470e-02
4.693290963768959045e-02 2.463245764374732971e-02
4.642745852470397949e-02 2.490695752203464508e-02
4.729795083403587341e-02 2.430853247642517090e-02
4.607215523719787598e-02 2.532896958291530609e-02
4.341966286301612854e-02 2.701347321271896362e-02
4.664566740393638611e-02 2.485528588294982910e-02
5.094710737466812134e-02 2.163226343691349030e-02
4.771681874990463257e-02 2.435783296823501587e-02
4.680681228637695312e-02 2.479009889066219330e-02
4.806204140186309814e-02 2.382385730743408203e-02
4.640439152717590332e-02 2.487572841346263885e-02
4.715734347701072693e-02 2.449264563620090485e-02
4.694453254342079163e-02 2.479531802237033844e-02
4.513555392622947693e-02 2.611592784523963928e-02
4.726672917604446411e-02 2.442772313952445984e-02
4.275543615221977234e-02 2.768090553581714630e-02
4.641426354646682739e-02 2.519174851477146149e-02
4.520904272794723511e-02 2.599858865141868591e-02
4.535393789410591125e-02 2.587502449750900269e-02
4.475649446249008179e-02 2.620561048388481140e-02
4.442911967635154724e-02 2.646414563059806824e-02
4.519213363528251648e-02 2.601199969649314880e-02
4.651970416307449341e-02 2.493369020521640778e-02
4.536621645092964172e-02 2.575210481882095337e-02
4.483905062079429626e-02 2.602327242493629456e-02
4.572323709726333618e-02 2.549178898334503174e-02
4.747855663299560547e-02 2.404429949820041656e-02
4.446689411997795105e-02 2.653385512530803680e-02
4.314888641238212585e-02 2.733531408011913300e-02
4.488995298743247986e-02 2.612721547484397888e-02
4.330464452505111694e-02 2.718614228069782257e-02
4.420180618762969971e-02 2.659845724701881409e-02
4.439893364906311035e-02 2.644014917314052582e-02
4.435184970498085022e-02 2.648956701159477234e-02
4.374291002750396729e-02 2.693515084683895111e-02
4.411537945270538330e-02 2.663358673453330994e-02
4.500773549079895020e-02 2.610513940453529358e-02
4.452658072113990784e-02 2.621861733496189117e-02
4.415555298328399658e-02 2.671052329242229462e-02
4.448901861906051636e-02 2.651032246649265289e-02
4.456108063459396362e-02 2.643174305558204651e-02
4.560125246644020081e-02 2.562293596565723419e-02
4.373086988925933838e-02 2.699135988950729370e-02
4.331058636307716370e-02 2.715604379773139954e-02
4.585519805550575256e-02 2.527194097638130188e-02
4.558595269918441772e-02 2.550683170557022095e-02
4.512766376137733459e-02 2.599008567631244659e-02
4.477391019463539124e-02 2.620309405028820038e-02
4.514421150088310242e-02 2.610152214765548706e-02
4.407513886690139771e-02 2.659392543137073517e-02
4.326130449771881104e-02 2.723582647740840912e-02
4.302077367901802063e-02 2.744447812438011169e-02
4.324759915471076965e-02 2.716090902686119080e-02
4.425553977489471436e-02 2.648558281362056732e-02
4.367833584547042847e-02 2.691590785980224609e-02
4.357009008526802063e-02 2.714941278100013733e-02
4.320127889513969421e-02 2.712294459342956543e-02
4.191914200782775879e-02 2.814430557191371918e-02
4.106502979993820190e-02 2.862361259758472443e-02
4.384533315896987915e-02 2.695373073220252991e-02
4.397784918546676636e-02 2.672732248902320862e-02
4.230208322405815125e-02 2.787656523287296295e-02
4.138556122779846191e-02 2.863044105470180511e-02
4.190889000892639160e-02 2.817082218825817108e-02
4.251724481582641602e-02 2.772586047649383545e-02
4.278198257088661194e-02 2.764284424483776093e-02
4.085420444607734680e-02 2.887277491390705109e-02
4.195500910282135010e-02 2.811333164572715759e-02
4.361434280872344971e-02 2.700977399945259094e-02
4.249444231390953064e-02 2.765665762126445770e-02
4.389497265219688416e-02 2.684165909886360168e-02
4.391941428184509277e-02 2.664789743721485138e-02
4.505058750510215759e-02 2.582707069814205170e-02
4.419610649347305298e-02 2.649878896772861481e-02
4.468625038862228394e-02 2.634390443563461304e-02
4.154710099101066589e-02 2.850990183651447296e-02
4.144461452960968018e-02 2.856418304145336151e-02
4.284546151757240295e-02 2.751302160322666168e-02
4.269954189658164978e-02 2.776299230754375458e-02
4.365412145853042603e-02 2.697810158133506775e-02
4.181021451950073242e-02 2.814071625471115112e-02
4.146901518106460571e-02 2.850225567817687988e-02
4.070090129971504211e-02 2.874722331762313843e-02
4.090220108628273010e-02 2.864281460642814636e-02
4.049542918801307678e-02 2.902485057711601257e-02
4.196877777576446533e-02 2.801560424268245697e-02
4.087442532181739807e-02 2.876250073313713074e-02
4.227666929364204407e-02 2.772720158100128174e-02
4.159352928400039673e-02 2.830991894006729126e-02
4.126041010022163391e-02 2.836002595722675323e-02
4.127038270235061646e-02 2.851537615060806274e-02
4.245257377624511719e-02 2.769299224019050598e-02
4.098287969827651978e-02 2.877817302942276001e-02
4.053347557783126831e-02 2.909292653203010559e-02
4.076610505580902100e-02 2.898307330906391144e-02
4.004740715026855469e-02 2.944587916135787964e-02
4.066339880228042603e-02 2.912173047661781311e-02
4.122932255268096924e-02 2.865991368889808655e-02
4.300156235694885254e-02 2.761127986013889313e-02
4.975592717528343201e-02 2.242998778820037842e-02
4.846759885549545288e-02 2.360882982611656189e-02
4.868037998676300049e-02 2.368107065558433533e-02
5.227765440940856934e-02 2.082981914281845093e-02
5.324946716427803040e-02 2.024445869028568268e-02
5.714078247547149658e-02 1.698771864175796509e-02
5.850875377655029297e-02 1.597694121301174164e-02
5.758267268538475037e-02 1.655390858650207520e-02
6.064263731241226196e-02 1.418296899646520615e-02
5.761046707630157471e-02 1.662754826247692108e-02
5.909294262528419495e-02 1.509201340377330780e-02
5.943436175584793091e-02 1.471580564975738525e-02
6.087883561849594116e-02 1.354003790766000748e-02
5.832251161336898804e-02 1.570982672274112701e-02
5.834120512008666992e-02 1.576165668666362762e-02
5.259293690323829651e-02 2.044063061475753784e-02
4.218107089400291443e-02 2.791882492601871490e-02
4.274469986557960510e-02 2.758939191699028015e-02
4.523266106843948364e-02 2.590988203883171082e-02
4.332642629742622375e-02 2.715712226927280426e-02
4.165011644363403320e-02 2.833120338618755341e-02
4.297821223735809326e-02 2.745998091995716095e-02
4.055627435445785522e-02 2.919751591980457306e-02
4.491530358791351318e-02 2.612815797328948975e-02
4.643718153238296509e-02 2.506992965936660767e-02
4.540942981839179993e-02 2.573357336223125458e-02
4.436307027935981750e-02 2.650746516883373260e-02
4.355608671903610229e-02 2.711001969873905182e-02
4.303190857172012329e-02 2.759396098554134369e-02
4.301609471440315247e-02 2.735306508839130402e-02
4.449743032455444336e-02 2.662092633545398712e-02
4.606174677610397339e-02 2.542803063988685608e-02
4.836247861385345459e-02 2.380057424306869507e-02
4.452337324619293213e-02 2.665181085467338562e-02
4.683345183730125427e-02 2.486702799797058105e-02
4.401664435863494873e-02 2.696054801344871521e-02
4.392726346850395203e-02 2.708480320870876312e-02
4.570745304226875305e-02 2.572075650095939636e-02
4.335819184780120850e-02 2.730938047170639038e-02
4.608498141169548035e-02 2.543409541249275208e-02
4.591885954141616821e-02 2.555454708635807037e-02
4.514865577220916748e-02 2.613850682973861694e-02
4.637007415294647217e-02 2.533912286162376404e-02
4.512153565883636475e-02 2.623340860009193420e-02
4.451657459139823914e-02 2.671501412987709045e-02
4.306150600314140320e-02 2.777016349136829376e-02
4.501589387655258179e-02 2.624029293656349182e-02
4.372909665107727051e-02 2.711976133286952972e-02
4.517868906259536743e-02 2.610492892563343048e-02
4.540485516190528870e-02 2.583866566419601440e-02
4.648528993129730225e-02 2.513831481337547302e-02
4.287289083003997803e-02 2.774829603731632233e-02
4.655578359961509705e-02 2.510981634259223938e-02
4.690195247530937195e-02 2.478023245930671692e-02
4.424322396516799927e-02 2.672616392374038696e-02
4.436426982283592224e-02 2.655621431767940521e-02
4.418130218982696533e-02 2.671010419726371765e-02
4.545907676219940186e-02 2.581427618861198425e-02
4.261040687561035156e-02 2.764800190925598145e-02
4.457509145140647888e-02 2.637896686792373657e-02
4.415251314640045166e-02 2.657742425799369812e-02
4.743699356913566589e-02 2.428392693400382996e-02
4.610423743724822998e-02 2.525736391544342041e-02
4.446196928620338440e-02 2.636270783841609955e-02
4.684415459632873535e-02 2.458866871893405914e-02
4.501928389072418213e-02 2.595089562237262726e-02
4.432962462306022644e-02 2.635422535240650177e-02
4.317831248044967651e-02 2.737306989729404449e-02
4.116212949156761169e-02 2.872527390718460083e-02
4.409579560160636902e-02 2.673479169607162476e-02
4.060119390487670898e-02 2.904770150780677795e-02
4.142519831657409668e-02 2.843357995152473450e-02
4.350396618247032166e-02 2.703614719212055206e-02
4.296764358878135681e-02 2.746559679508209229e-02
4.542407020926475525e-02 2.564507722854614258e-02
4.417422041296958923e-02 2.662992291152477264e-02
4.447361081838607788e-02 2.638617716729640961e-02
4.647386074066162109e-02 2.494278922677040100e-02
4.264939948916435242e-02 2.765957079827785492e-02
4.329869523644447327e-02 2.726100943982601166e-02
4.310474172234535217e-02 2.737654745578765869e-02
4.858770966529846191e-02 2.349148318171501160e-02
4.745611920952796936e-02 2.427277714014053345e-02
4.461845010519027710e-02 2.626896835863590240e-02
4.298840463161468506e-02 2.755655162036418915e-02
4.571634903550148010e-02 2.551836520433425903e-02
4.401181265711784363e-02 2.674039825797080994e-02
4.284372925758361816e-02 2.772376127541065216e-02
4.586586356163024902e-02 2.558284811675548553e-02
4.609145596623420715e-02 2.518839575350284576e-02
4.261511936783790588e-02 2.790801972150802612e-02
4.151689261198043823e-02 2.860104665160179138e-02
4.343835636973381042e-02 2.724723704159259796e-02
4.431211575865745544e-02 2.661957219243049622e-02
4.426323994994163513e-02 2.657121792435646057e-02
4.273875802755355835e-02 2.761059068143367767e-02
4.350114986300468445e-02 2.731661684811115265e-02
4.236784577369689941e-02 2.823552116751670837e-02
4.419548064470291138e-02 2.688052132725715637e-02
4.781141504645347595e-02 2.428437955677509308e-02
4.539002478122711182e-02 2.608646079897880554e-02
4.135653376579284668e-02 2.893137186765670776e-02
4.476263374090194702e-02 2.662866748869419098e-02
4.324765130877494812e-02 2.760043554008007050e-02
4.392156377434730530e-02 2.709384635090827942e-02
4.656529799103736877e-02 2.526937611401081085e-02
4.371833056211471558e-02 2.736669965088367462e-02
4.232139885425567627e-02 2.823582664132118225e-02
4.521584510803222656e-02 2.627379633486270905e-02
4.404925554990768433e-02 2.712712064385414124e-02
4.344562068581581116e-02 2.750620804727077484e-02
4.677318409085273743e-02 2.498185075819492340e-02
4.521372541785240173e-02 2.626113221049308777e-02
4.529604688286781311e-02 2.613981626927852631e-02
4.422675445675849915e-02 2.677782997488975525e-02
4.103924706578254700e-02 2.922229468822479248e-02
4.382842779159545898e-02 2.705110423266887665e-02
4.377315938472747803e-02 2.720972336828708649e-02
4.437810555100440979e-02 2.660919912159442902e-02
4.436681047081947327e-02 2.680918946862220764e-02
4.672340303659439087e-02 2.491153776645660400e-02
4.402905702590942383e-02 2.705047838389873505e-02
4.303885251283645630e-02 2.766859158873558044e-02
4.430951178073883057e-02 2.679798007011413574e-02
4.448706284165382385e-02 2.673494815826416016e-02
4.344289004802703857e-02 2.743797935545444489e-02
4.404191672801971436e-02 2.689782530069351196e-02
4.503784701228141785e-02 2.629432454705238342e-02
4.302699863910675049e-02 2.769640646874904633e-02
4.387542232871055603e-02 2.695863880217075348e-02
4.507001489400863647e-02 2.605515345931053162e-02
4.294247925281524658e-02 2.753515914082527161e-02
4.131897538900375366e-02 2.871207334101200104e-02
4.062457382678985596e-02 2.906771004199981689e-02
4.102314263582229614e-02 2.895985171198844910e-02
4.419985041022300720e-02 2.675164304673671722e-02
4.304865375161170959e-02 2.756168320775032043e-02
4.081861302256584167e-02 2.901588939130306244e-02
4.341441020369529724e-02 2.726379223167896271e-02
4.499085247516632080e-02 2.617492154240608215e-02
4.297073930501937866e-02 2.755663543939590454e-02
4.455961287021636963e-02 2.646065130829811096e-02
4.025573655962944031e-02 2.933252602815628052e-02
4.201416298747062683e-02 2.816009707748889923e-02
4.096660390496253967e-02 2.881388366222381592e-02
4.156632348895072937e-02 2.829608321189880371e-02
4.400009661912918091e-02 2.676585316658020020e-02
4.414908215403556824e-02 2.664058841764926910e-02
4.125927016139030457e-02 2.861204929649829865e-02
4.413879290223121643e-02 2.670887671411037445e-02
4.337794706225395203e-02 2.736271917819976807e-02
4.508105665445327759e-02 2.588864043354988098e-02
4.271996021270751953e-02 2.768488973379135132e-02
4.395823180675506592e-02 2.678027004003524780e-02
4.477491974830627441e-02 2.630532346665859222e-02
4.312876611948013306e-02 2.748941443860530853e-02
4.316377639770507812e-02 2.744355611503124237e-02
4.331968724727630615e-02 2.751882746815681458e-02
4.539081826806068420e-02 2.600191719830036163e-02
4.941313341259956360e-02 2.313639223575592041e-02
4.405248537659645081e-02 2.702425420284271240e-02
4.121382161974906921e-02 2.878843992948532104e-02
4.463538527488708496e-02 2.651156112551689148e-02
4.099256172776222229e-02 2.897937968373298645e-02
4.713271185755729675e-02 2.466209977865219116e-02
4.113097861409187317e-02 2.867728471755981445e-02
4.427549615502357483e-02 2.655308879911899567e-02
4.238269850611686707e-02 2.805046178400516510e-02
4.376542940735816956e-02 2.733327820897102356e-02
4.396099597215652466e-02 2.705727703869342804e-02
4.396381601691246033e-02 2.712101675570011139e-02
4.136786982417106628e-02 2.887482196092605591e-02
4.396567493677139282e-02 2.697202563285827637e-02
4.210365191102027893e-02 2.840778231620788574e-02
3.923798725008964539e-02 3.009182773530483246e-02
4.379634931683540344e-02 2.713860757648944855e-02
4.563543200492858887e-02 2.587105892598628998e-02
4.387394711375236511e-02 2.702979743480682373e-02
4.724675789475440979e-02 2.482431754469871521e-02
5.205287039279937744e-02 2.134813927114009857e-02
4.738385975360870361e-02 2.475478127598762512e-02
5.352345854043960571e-02 2.009624242782592773e-02
5.094200000166893005e-02 2.215459756553173065e-02
5.407134443521499634e-02 1.961684226989746094e-02
5.876264348626136780e-02 1.576653681695461273e-02
5.554897710680961609e-02 1.838140748441219330e-02
5.631138011813163757e-02 1.766245067119598389e-02
5.797985196113586426e-02 1.611490920186042786e-02
5.962771177291870117e-02 1.464662048965692520e-02
5.976193398237228394e-02 1.471661310642957687e-02
5.991800501942634583e-02 1.447338052093982697e-02
5.695707350969314575e-02 1.675641722977161407e-02
5.327924713492393494e-02 1.990238390862941742e-02
4.874452576041221619e-02 2.322976663708686829e-02
4.476407542824745178e-02 2.606834657490253448e-02
4.450820386409759521e-02 2.626424282789230347e-02
4.456580430269241333e-02 2.632087469100952148e-02
4.700611904263496399e-02 2.460368536412715912e-02
4.754084721207618713e-02 2.417239546775817871e-02
4.576344788074493408e-02 2.536338940262794495e-02
4.626028612256050110e-02 2.508160844445228577e-02
4.714859277009963989e-02 2.442945726215839386e-02
4.726412892341613770e-02 2.441802434623241425e-02
4.803534597158432007e-02 2.377520129084587097e-02
4.549967870116233826e-02 2.545625343918800354e-02
4.433396086096763611e-02 2.635130845010280609e-02
4.650826007127761841e-02 2.484286203980445862e-02
4.606913775205612183e-02 2.513167075812816620e-02
4.678218811750411987e-02 2.462902292609214783e-02
4.413206875324249268e-02 2.653279714286327362e-02
4.605604708194732666e-02 2.523806504905223846e-02
4.655975848436355591e-02 2.501245588064193726e-02
4.363727942109107971e-02 2.707873657345771790e-02
4.506639391183853149e-02 2.604837529361248016e-02
4.646901786327362061e-02 2.494194172322750092e-02
4.794518277049064636e-02 2.374582551419734955e-02
4.879732429981231689e-02 2.315823733806610107e-02
4.692862182855606079e-02 2.476095780730247498e-02
4.726233333349227905e-02 2.427867986261844635e-02
5.114605277776718140e-02 2.142228186130523682e-02
4.372891411185264587e-02 2.675458602607250214e-02
4.235312715172767639e-02 2.783539704978466034e-02
4.484482854604721069e-02 2.634330652654170990e-02
4.453771561384201050e-02 2.629622071981430054e-02
4.137908667325973511e-02 2.839220501482486725e-02
4.596320912241935730e-02 2.520819753408432007e-02
4.270848631858825684e-02 2.766377851366996765e-02
4.105441644787788391e-02 2.847700379788875580e-02
4.556325078010559082e-02 2.570789121091365814e-02
4.409096390008926392e-02 2.653579227626323700e-02
4.910112172365188599e-02 2.296280860900878906e-02
4.780174791812896729e-02 2.397779561579227448e-02
4.662439972162246704e-02 2.487449906766414642e-02
4.544999077916145325e-02 2.577007189393043518e-02
4.249345511198043823e-02 2.772878296673297882e-02
4.652660712599754333e-02 2.490105666220188141e-02
4.590228572487831116e-02 2.531988173723220825e-02
4.634352400898933411e-02 2.517096325755119324e-02
4.855777695775032043e-02 2.335738949477672577e-02
5.103379860520362854e-02 2.147464640438556671e-02
5.232949927449226379e-02 2.053978666663169861e-02
4.607141390442848206e-02 2.516719140112400055e-02
4.866273701190948486e-02 2.330560237169265747e-02
4.927695915102958679e-02 2.276610769331455231e-02
4.928174614906311035e-02 2.291016094386577606e-02
4.970546439290046692e-02 2.239772304892539978e-02
4.616282135248184204e-02 2.494180947542190552e-02
4.795941710472106934e-02 2.358706295490264893e-02
5.018293485045433044e-02 2.197447046637535095e-02
5.090797320008277893e-02 2.157791703939437866e-02
5.366195365786552429e-02 1.955310627818107605e-02
5.108098685741424561e-02 2.161804959177970886e-02
5.152869969606399536e-02 2.129163593053817749e-02
5.242083966732025146e-02 2.068845927715301514e-02
4.872686043381690979e-02 2.333293296396732330e-02
4.395906627178192139e-02 2.673511207103729248e-02
5.317690968513488770e-02 1.994585618376731873e-02
5.059214681386947632e-02 2.183594368398189545e-02
4.949505999684333801e-02 2.267378941178321838e-02
4.904555156826972961e-02 2.306491509079933167e-02
5.013041570782661438e-02 2.214916795492172241e-02
4.634200036525726318e-02 2.495200373232364655e-02
4.784382879734039307e-02 2.404483594000339508e-02
4.818639531731605530e-02 2.390888705849647522e-02
4.905365779995918274e-02 2.341211400926113129e-02
4.951593279838562012e-02 2.284868806600570679e-02
4.433684796094894409e-02 2.672926895320415497e-02
4.738666117191314697e-02 2.441073022782802582e-02
4.400439932942390442e-02 2.698965556919574738e-02
4.781236872076988220e-02 2.416525036096572876e-02
4.921182245016098022e-02 2.304078266024589539e-02
5.076048895716667175e-02 2.199083752930164337e-02
5.117584392428398132e-02 2.166853100061416626e-02
5.229082331061363220e-02 2.063631825149059296e-02
5.116124451160430908e-02 2.168780006468296051e-02
4.832459986209869385e-02 2.368246391415596008e-02
5.044629052281379700e-02 2.202099561691284180e-02
4.439969360828399658e-02 2.649847231805324554e-02
4.854254052042961121e-02 2.352729253470897675e-02
4.803192615509033203e-02 2.409022487699985504e-02
5.206770077347755432e-02 2.100018784403800964e-02
4.978799819946289062e-02 2.280006743967533112e-02
5.287823826074600220e-02 2.041251212358474731e-02
4.638068750500679016e-02 2.513829991221427917e-02
4.930512979626655579e-02 2.303145267069339752e-02
4.841793701052665710e-02 2.370227500796318054e-02
4.512743279337882996e-02 2.612965926527976990e-02
4.767177626490592957e-02 2.416772954165935516e-02
5.133586749434471130e-02 2.136753499507904053e-02
5.150032043457031250e-02 2.124343253672122955e-02
4.516128823161125183e-02 2.628389000892639160e-02
5.177374556660652161e-02 2.128200791776180267e-02
4.952382296323776245e-02 2.295414172112941742e-02
4.452350735664367676e-02 2.654974535107612610e-02
4.750976711511611938e-02 2.448544651269912720e-02
4.293172061443328857e-02 2.785798162221908569e-02
4.681615531444549561e-02 2.496890537440776825e-02
4.904224723577499390e-02 2.330439537763595581e-02
4.668404906988143921e-02 2.494934201240539551e-02
5.159631371498107910e-02 2.121741510927677155e-02
4.621072858572006226e-02 2.527330443263053894e-02
4.282241687178611755e-02 2.792260795831680298e-02
4.992872849106788635e-02 2.248274534940719604e-02
5.051938071846961975e-02 2.181655913591384888e-02
4.684187099337577820e-02 2.482255548238754272e-02
4.803317785263061523e-02 2.385970763862133026e-02
4.878820478916168213e-02 2.346535585820674896e-02
4.572688788175582886e-02 2.571396715939044952e-02
4.877989739179611206e-02 2.350310608744621277e-02
5.006513744592666626e-02 2.258261665701866150e-02
4.616638273000717163e-02 2.528398111462593079e-02
4.836441949009895325e-02 2.370780706405639648e-02
4.521887004375457764e-02 2.611524611711502075e-02
4.667809605598449707e-02 2.486539073288440704e-02
5.076044425368309021e-02 2.186943404376506805e-02
4.777153208851814270e-02 2.426840737462043762e-02
4.772669449448585510e-02 2.426441200077533722e-02
4.935961216688156128e-02 2.287058904767036438e-02
4.818761348724365234e-02 2.360949292778968811e-02
4.977558925747871399e-02 2.257764711976051331e-02
4.971222206950187683e-02 2.285729348659515381e-02
5.053214728832244873e-02 2.208245545625686646e-02
4.776429012417793274e-02 2.428401261568069458e-02
4.828438535332679749e-02 2.363558486104011536e-02
4.708900675177574158e-02 2.474536001682281494e-02
4.945210367441177368e-02 2.298359386622905731e-02
4.645745828747749329e-02 2.512323856353759766e-02
4.116715863347053528e-02 2.874092385172843933e-02
4.629115760326385498e-02 2.522455155849456787e-02
4.405307397246360779e-02 2.670550346374511719e-02
4.337457194924354553e-02 2.721331454813480377e-02
4.611551761627197266e-02 2.530920505523681641e-02
4.780312627553939819e-02 2.426362037658691406e-02
4.160840436816215515e-02 2.836507931351661682e-02
4.107020422816276550e-02 2.889590710401535034e-02
4.514199867844581604e-02 2.612111903727054596e-02
4.683588445186614990e-02 2.498415112495422363e-02
4.517703875899314880e-02 2.603505365550518036e-02
4.136496409773826599e-02 2.872939035296440125e-02
3.999445587396621704e-02 2.966769225895404816e-02
4.047535359859466553e-02 2.923015691339969635e-02
4.099397733807563782e-02 2.891345694661140442e-02
4.258302599191665649e-02 2.788014896214008331e-02
4.419354721903800964e-02 2.654862031340599060e-02
4.545082896947860718e-02 2.575404569506645203e-02
4.345234110951423645e-02 2.732564322650432587e-02
4.402430355548858643e-02 2.684786356985569000e-02
4.476024210453033447e-02 2.616281434893608093e-02
4.415703937411308289e-02 2.673588693141937256e-02
4.153608903288841248e-02 2.852528542280197144e-02
4.210195690393447876e-02 2.824320085346698761e-02
4.402237758040428162e-02 2.666355483233928680e-02
4.344069585204124451e-02 2.725158445537090302e-02
4.558279365301132202e-02 2.584096230566501617e-02
4.443845525383949280e-02 2.665252424776554108e-02
4.410956799983978271e-02 2.675020694732666016e-02
4.483379423618316650e-02 2.639591321349143982e-02
4.702099785208702087e-02 2.471558004617691040e-02
4.907376319169998169e-02 2.323660440742969513e-02
4.606169462203979492e-02 2.558274008333683014e-02
4.549044743180274963e-02 2.601776644587516785e-02
4.502766579389572144e-02 2.612165734171867371e-02
4.333416372537612915e-02 2.742373198270797729e-02
4.038836434483528137e-02 2.934239618480205536e-02
3.720517829060554504e-02 3.132302686572074890e-02
3.777024522423744202e-02 3.105119802057743073e-02
4.077049717307090759e-02 2.902798168361186981e-02
3.912013024091720581e-02 3.018795885145664215e-02
4.080817848443984985e-02 2.924101799726486206e-02
3.964729234576225281e-02 2.980733290314674377e-02
4.101207479834556580e-02 2.877787873148918152e-02
3.927389532327651978e-02 3.029761649668216705e-02
4.106686264276504517e-02 2.914546243846416473e-02
4.207134246826171875e-02 2.847120538353919983e-02
3.953864425420761108e-02 3.006754070520401001e-02
3.872821107506752014e-02 3.072491101920604706e-02
3.936987370252609253e-02 3.035972453653812408e-02
4.006821662187576294e-02 2.981410175561904907e-02
4.497928172349929810e-02 2.662623301148414612e-02
4.607792943716049194e-02 2.569542825222015381e-02
4.430177807807922363e-02 2.693106420338153839e-02
4.610130190849304199e-02 2.560909837484359741e-02
4.468482360243797302e-02 2.663586102426052094e-02
4.312556236982345581e-02 2.754878811538219452e-02
4.886572062969207764e-02 2.342664077877998352e-02
4.276626557111740112e-02 2.773274108767509460e-02
4.323149845004081726e-02 2.749636769294738770e-02
4.817521199584007263e-02 2.394760772585868835e-02
4.331203922629356384e-02 2.755497954785823822e-02
4.426155239343643188e-02 2.689355611801147461e-02
4.722766205668449402e-02 2.472016960382461548e-02
4.406917840242385864e-02 2.706045471131801605e-02
4.359721764922142029e-02 2.732307463884353638e-02
4.453048855066299438e-02 2.667763829231262207e-02
4.257393255829811096e-02 2.804331853985786438e-02
4.163401946425437927e-02 2.855932153761386871e-02
4.261879995465278625e-02 2.793477103114128113e-02
4.130750522017478943e-02 2.875868417322635651e-02
4.241041839122772217e-02 2.813277207314968109e-02
4.574069380760192871e-02 2.564435079693794250e-02
4.759227856993675232e-02 2.434436045587062836e-02
4.634560272097587585e-02 2.523801848292350769e-02
4.437202215194702148e-02 2.674735896289348602e-02
4.257456213235855103e-02 2.801078930497169495e-02
4.327734559774398804e-02 2.753473259508609772e-02
4.357183352112770081e-02 2.728798985481262207e-02
4.279213398694992065e-02 2.776713296771049500e-02
4.287900030612945557e-02 2.767715603113174438e-02
4.217557236552238464e-02 2.838663011789321899e-02
4.061120003461837769e-02 2.935720607638359070e-02
4.149604216217994690e-02 2.875160612165927887e-02
4.028499498963356018e-02 2.946703881025314331e-02
4.112656041979789734e-02 2.888171933591365814e-02
3.930991888046264648e-02 3.004456125199794769e-02
3.946273773908615112e-02 2.981806173920631409e-02
3.901533037424087524e-02 3.012008592486381531e-02
3.792531788349151611e-02 3.068692050874233246e-02
3.759747743606567383e-02 3.090151399374008179e-02
3.736459463834762573e-02 3.096428140997886658e-02
3.797569870948791504e-02 3.065762110054492950e-02
3.871748596429824829e-02 3.020817041397094727e-02
3.767775744199752808e-02 3.099092096090316772e-02
4.035623371601104736e-02 2.919481322169303894e-02
3.919367492198944092e-02 2.995434030890464783e-02
3.839806839823722839e-02 3.032162413001060486e-02
4.052054136991500854e-02 2.931408025324344635e-02
3.744601830840110779e-02 3.105521388351917267e-02
3.694303706288337708e-02 3.135498240590095520e-02
3.770164400339126587e-02 3.096309117972850800e-02
3.745280206203460693e-02 3.110495395958423615e-02
3.806019574403762817e-02 3.079230524599552155e-02
3.730379045009613037e-02 3.129871934652328491e-02
3.699552267789840698e-02 3.153312951326370239e-02
3.798600658774375916e-02 3.085668757557868958e-02
3.778284415602684021e-02 3.076493367552757263e-02
3.747061640024185181e-02 3.097745962440967560e-02
3.764348104596138000e-02 3.080607205629348755e-02
3.772905841469764709e-02 3.077896684408187866e-02
3.759094700217247009e-02 3.099794872105121613e-02
3.712792694568634033e-02 3.128743916749954224e-02
3.908289223909378052e-02 3.002653829753398895e-02
4.014011099934577942e-02 2.952681109309196472e-02
4.037941619753837585e-02 2.914769574999809265e-02
3.908742964267730713e-02 2.984528057277202606e-02
3.838325291872024536e-02 3.039547242224216461e-02
4.000795632600784302e-02 2.923154458403587341e-02
3.851877152919769287e-02 3.008133545517921448e-02
4.063016176223754883e-02 2.902076579630374908e-02
3.943183273077011108e-02 2.957427874207496643e-02
3.927571326494216919e-02 2.982060424983501434e-02
3.801096603274345398e-02 3.039927966892719269e-02
4.295145720243453979e-02 2.729790285229682922e-02
3.817785158753395081e-02 3.040284104645252228e-02
3.993146121501922607e-02 2.939836122095584869e-02
4.201232641935348511e-02 2.796222828328609467e-02
4.228070005774497986e-02 2.768556401133537292e-02
4.219215363264083862e-02 2.782633900642395020e-02
4.572574049234390259e-02 2.530357427895069122e-02
4.201627522706985474e-02 2.808804996311664581e-02
4.295581579208374023e-02 2.752123028039932251e-02
5.081578344106674194e-02 2.172323875129222870e-02
5.579130351543426514e-02 1.770384795963764191e-02
5.099175497889518738e-02 2.148537524044513702e-02
5.367191508412361145e-02 1.935577206313610077e-02
5.169272422790527344e-02 2.075475268065929413e-02
5.609026178717613220e-02 1.732536964118480682e-02
5.771746486425399780e-02 1.599897257983684540e-02
6.192068010568618774e-02 1.259738020598888397e-02
5.855771154165267944e-02 1.558010652661323547e-02
6.060417741537094116e-02 1.379797980189323425e-02
5.218845978379249573e-02 2.061760425567626953e-02
6.174930557608604431e-02 1.297675818204879761e-02
6.083128601312637329e-02 1.391976047307252884e-02
6.046706438064575195e-02 1.392248272895812988e-02
6.133877113461494446e-02 1.337261125445365906e-02
6.308338791131973267e-02 1.201898884028196335e-02
6.306332349777221680e-02 1.171679608523845673e-02
6.304486840963363647e-02 1.219735946506261826e-02
6.303521245718002319e-02 1.203609071671962738e-02
6.247171014547348022e-02 1.236138865351676941e-02
6.309190392494201660e-02 1.167588680982589722e-02
6.312750279903411865e-02 1.175890490412712097e-02
6.322270631790161133e-02 1.154932845383882523e-02
6.320209056138992310e-02 1.177520677447319031e-02
6.301394850015640259e-02 1.180617511272430420e-02
6.332428753376007080e-02 1.192900165915489197e-02
6.334401667118072510e-02 1.173476688563823700e-02
6.344141066074371338e-02 1.148800738155841827e-02
6.370272487401962280e-02 1.174158044159412384e-02
6.343430280685424805e-02 1.141214650124311447e-02
6.341747939586639404e-02 1.169208250939846039e-02
6.340291351079940796e-02 1.171064935624599457e-02
6.345184147357940674e-02 1.173155102878808975e-02
6.330104172229766846e-02 1.150072552263736725e-02
6.211308762431144714e-02 1.251402031630277634e-02
6.252156943082809448e-02 1.201586518436670303e-02
6.237182393670082092e-02 1.229197625070810318e-02
6.180469319224357605e-02 1.270763389766216278e-02
6.253504753112792969e-02 1.190787553787231445e-02
6.158675998449325562e-02 1.286640111356973648e-02
5.544802173972129822e-02 1.808201894164085388e-02
3.736504912376403809e-02 3.091292269527912140e-02
3.681461140513420105e-02 3.115612454712390900e-02
3.726086020469665527e-02 3.091078996658325195e-02
3.714217245578765869e-02 3.102782368659973145e-02
3.749522194266319275e-02 3.100283816456794739e-02
3.807120397686958313e-02 3.052626363933086395e-02
3.708760440349578857e-02 3.109966591000556946e-02
3.733877092599868774e-02 3.102189116179943085e-02
3.753712400794029236e-02 3.093685396015644073e-02
3.690769523382186890e-02 3.121416643261909485e-02
3.711279481649398804e-02 3.122849948704242706e-02
3.744344785809516907e-02 3.099339455366134644e-02
4.046817496418952942e-02 2.898394502699375153e-02
3.772095218300819397e-02 3.077382966876029968e-02
3.866829723119735718e-02 3.028215281665325165e-02
3.768387809395790100e-02 3.076473809778690338e-02
3.797770291566848755e-02 3.039397113025188446e-02
3.712400421500205994e-02 3.113995864987373352e-02
3.855935111641883850e-02 3.026309795677661896e-02
4.085935279726982117e-02 2.874160557985305786e-02
3.836507350206375122e-02 3.025904111564159393e-02
3.958468139171600342e-02 2.959452569484710693e-02
3.888238221406936646e-02 3.006308153271675110e-02
3.723486140370368958e-02 3.097803704440593719e-02
3.720842674374580383e-02 3.104370273649692535e-02
3.711497783660888672e-02 3.091979026794433594e-02
3.999169170856475830e-02 2.932651527225971222e-02
3.757538646459579468e-02 3.084238991141319275e-02
3.640672564506530762e-02 3.144992887973785400e-02
3.637915104627609253e-02 3.145214542746543884e-02
3.681720793247222900e-02 3.135065734386444092e-02
3.774452209472656250e-02 3.085712715983390808e-02
3.712214156985282898e-02 3.110773861408233643e-02
3.704408928751945496e-02 3.113181702792644501e-02
3.794972226023674011e-02 3.046394512057304382e-02
3.711622580885887146e-02 3.108454868197441101e-02
3.930858150124549866e-02 2.967114187777042389e-02
3.734961152076721191e-02 3.088517300784587860e-02
3.688593208789825439e-02 3.131076693534851074e-02
3.688201680779457092e-02 3.125523030757904053e-02
3.731254488229751587e-02 3.091117739677429199e-02
3.692239522933959961e-02 3.131346404552459717e-02
3.710642084479331970e-02 3.102680668234825134e-02
3.676344454288482666e-02 3.117383643984794617e-02
3.651824593544006348e-02 3.165302053093910217e-02
3.828683868050575256e-02 3.036025539040565491e-02
3.665813058614730835e-02 3.135692700743675232e-02
3.988129273056983948e-02 2.937461622059345245e-02
3.872437030076980591e-02 3.020219132304191589e-02
3.961181640625000000e-02 2.967600710690021515e-02
4.017048329114913940e-02 2.930727973580360413e-02
4.070679098367691040e-02 2.883454598486423492e-02
3.848490118980407715e-02 3.049231879413127899e-02
4.082509502768516541e-02 2.861045859754085541e-02
3.985096514225006104e-02 2.943735942244529724e-02
3.864401206374168396e-02 3.017719276249408722e-02
4.137049242854118347e-02 2.821536175906658173e-02
4.390352219343185425e-02 2.659727632999420166e-02
3.962921723723411560e-02 2.969465591013431549e-02
4.111183807253837585e-02 2.847454324364662170e-02
4.278247803449630737e-02 2.747347764670848846e-02
4.655856266617774963e-02 2.467871457338333130e-02
4.126675054430961609e-02 2.859164029359817505e-02
4.282352700829505920e-02 2.746306173503398895e-02
4.905981197953224182e-02 2.275251410901546478e-02
4.513863101601600647e-02 2.568722516298294067e-02
4.938987642526626587e-02 2.257813140749931335e-02
5.148144438862800598e-02 2.097237110137939453e-02
4.804180562496185303e-02 2.374637685716152191e-02
4.923116043210029602e-02 2.275119721889495850e-02
5.704567208886146545e-02 1.662703789770603180e-02
4.736540466547012329e-02 2.410105988383293152e-02
4.941435530781745911e-02 2.262924239039421082e-02
5.054924637079238892e-02 2.182171680033206940e-02
5.146786943078041077e-02 2.088479697704315186e-02
5.611992999911308289e-02 1.738667488098144531e-02
6.027167662978172302e-02 1.390461716800928116e-02
5.471158027648925781e-02 1.849934831261634827e-02
5.578373372554779053e-02 1.759034022688865662e-02
6.102018058300018311e-02 1.304661761969327927e-02
6.076576560735702515e-02 1.322658639401197433e-02
6.122203916311264038e-02 1.292996853590011597e-02
6.078652665019035339e-02 1.338967308402061462e-02
6.156920641660690308e-02 1.283353473991155624e-02
5.938869714736938477e-02 1.458654366433620453e-02
5.963671207427978516e-02 1.443756930530071259e-02
6.094937026500701904e-02 1.331516727805137634e-02
6.083806604146957397e-02 1.328946836292743683e-02
6.252392381429672241e-02 1.199027709662914276e-02
6.101384386420249939e-02 1.343074720352888107e-02
6.214625015854835510e-02 1.260303612798452377e-02
6.089362502098083496e-02 1.355176698416471481e-02
6.123771890997886658e-02 1.331544108688831329e-02
6.159404292702674866e-02 1.269298512488603592e-02
6.219957768917083740e-02 1.227003242820501328e-02
6.223889067769050598e-02 1.242563221603631973e-02
6.197450309991836548e-02 1.217632927000522614e-02
6.255077570676803589e-02 1.162238977849483490e-02
6.285148859024047852e-02 1.134010218083858490e-02
6.278311461210250854e-02 1.178250182420015335e-02
6.264355778694152832e-02 1.178475189954042435e-02
6.268439441919326782e-02 1.127793081104755402e-02
6.281255185604095459e-02 1.141874212771654129e-02
6.288677453994750977e-02 1.151909027248620987e-02
6.325057893991470337e-02 1.113094016909599304e-02
6.328335404396057129e-02 1.113211922347545624e-02
6.312782317399978638e-02 1.100849825888872147e-02
6.327905505895614624e-02 1.101467199623584747e-02
6.346090883016586304e-02 1.095602847635746002e-02
6.360953301191329956e-02 1.085672155022621155e-02
6.357538700103759766e-02 1.103230379521846771e-02
6.357599049806594849e-02 1.086900848895311356e-02
6.359098106622695923e-02 1.085904799401760101e-02
6.350851058959960938e-02 1.103577390313148499e-02
6.360697746276855469e-02 1.044481527060270309e-02
6.361144781112670898e-02 1.060930639505386353e-02
6.367372721433639526e-02 1.068212091922760010e-02
6.367863714694976807e-02 1.110184844583272934e-02
6.335509568452835083e-02 1.149052195250988007e-02
6.322840601205825806e-02 1.143181137740612030e-02
6.294538825750350952e-02 1.123947743326425552e-02
6.311514228582382202e-02 1.164130028337240219e-02
6.299254298210144043e-02 1.142810098826885223e-02
6.305193156003952026e-02 1.124111562967300415e-02
6.287924945354461670e-02 1.134314015507698059e-02
6.306403130292892456e-02 1.088313106447458267e-02
6.323380768299102783e-02 1.075972989201545715e-02
6.324546784162521362e-02 1.095504034310579300e-02
6.355838477611541748e-02 1.033705379813909531e-02
6.354497373104095459e-02 1.029307860881090164e-02
6.350047141313552856e-02 9.544295258820056915e-03
6.350629776716232300e-02 1.014360878616571426e-02
6.330405920743942261e-02 1.015359815210103989e-02
6.330642849206924438e-02 1.030758582055568695e-02
6.306178122758865356e-02 1.092411577701568604e-02
6.304545700550079346e-02 1.103461999446153641e-02
6.284292787313461304e-02 1.125903893262147903e-02
6.228204816579818726e-02 1.160965021699666977e-02
6.261035799980163574e-02 1.182797923684120178e-02
6.214709579944610596e-02 1.207915320992469788e-02
6.247417256236076355e-02 1.187169924378395081e-02
6.207131221890449524e-02 1.223149430006742477e-02
6.028079614043235779e-02 1.390487700700759888e-02
6.015305593609809875e-02 1.416287478059530258e-02
5.746601149439811707e-02 1.612514816224575043e-02
5.974594131112098694e-02 1.479689124971628189e-02
5.425112694501876831e-02 1.891375146806240082e-02
5.382961779832839966e-02 1.951069757342338562e-02
4.242936521768569946e-02 2.772932127118110657e-02
4.488569125533103943e-02 2.610574103891849518e-02
4.859295859932899475e-02 2.344086393713951111e-02
4.037064686417579651e-02 2.923895418643951416e-02
4.075187817215919495e-02 2.880129590630531311e-02
4.370122030377388000e-02 2.683561667799949646e-02
4.206406325101852417e-02 2.796465344727039337e-02
4.252817481756210327e-02 2.751179598271846771e-02
4.330015555024147034e-02 2.718361467123031616e-02
4.426880180835723877e-02 2.660097554326057434e-02
4.464394226670265198e-02 2.631705440580844879e-02
4.544241353869438171e-02 2.563579007983207703e-02
4.317507147789001465e-02 2.720861509442329407e-02
4.593465849757194519e-02 2.511488460004329681e-02
4.461123049259185791e-02 2.622448280453681946e-02
4.408183693885803223e-02 2.656882628798484802e-02
4.736066237092018127e-02 2.417477406561374664e-02
4.675224423408508301e-02 2.450078725814819336e-02
4.501960426568984985e-02 2.580837346613407135e-02
4.461816698312759399e-02 2.616912871599197388e-02
4.694375768303871155e-02 2.453896030783653259e-02
4.638523608446121216e-02 2.496792376041412354e-02
4.666977375745773315e-02 2.482580207288265228e-02
4.500263556838035583e-02 2.594709582626819611e-02
4.683410003781318665e-02 2.463165484368801117e-02
4.887764900922775269e-02 2.301023341715335846e-02
4.580689966678619385e-02 2.528115734457969666e-02
4.688078537583351135e-02 2.457698434591293335e-02
4.568002372980117798e-02 2.548467367887496948e-02
4.641664400696754456e-02 2.487408556044101715e-02
4.579623043537139893e-02 2.543609030544757843e-02
4.923539608716964722e-02 2.268657460808753967e-02
4.498217627406120300e-02 2.603797055780887604e-02
4.498376324772834778e-02 2.599705755710601807e-02
4.422534257173538208e-02 2.665535546839237213e-02
4.692196100950241089e-02 2.465961501002311707e-02
4.646556451916694641e-02 2.488536387681961060e-02
4.562095180153846741e-02 2.557205408811569214e-02
4.722812399268150330e-02 2.418351173400878906e-02
4.664872959256172180e-02 2.477435022592544556e-02
4.635567590594291687e-02 2.501173317432403564e-02
4.737268015742301941e-02 2.430058643221855164e-02
4.458372294902801514e-02 2.653069607913494110e-02
4.511841759085655212e-02 2.613834664225578308e-02
4.369122534990310669e-02 2.684459462761878967e-02
4.735362157225608826e-02 2.433827146887779236e-02
4.697319865226745605e-02 2.456861920654773712e-02
4.399182274937629700e-02 2.687678486108779907e-02
4.763316363096237183e-02 2.410830557346343994e-02
4.417852684855461121e-02 2.653734944760799408e-02
4.477944597601890564e-02 2.628426626324653625e-02
4.530146345496177673e-02 2.574587985873222351e-02
4.613895341753959656e-02 2.515098452568054199e-02
4.557097703218460083e-02 2.568424120545387268e-02
4.473613202571868896e-02 2.615542151033878326e-02
4.935716837644577026e-02 2.292673289775848389e-02
4.527087137103080750e-02 2.584383636713027954e-02
4.731812700629234314e-02 2.435202710330486298e-02
4.712371900677680969e-02 2.427799999713897705e-02
4.591668769717216492e-02 2.529659494757652283e-02
4.481235519051551819e-02 2.638404630124568939e-02
4.630359262228012085e-02 2.523069642484188080e-02
4.770799353718757629e-02 2.391965501010417938e-02
4.943519830703735352e-02 2.294355630874633789e-02
5.398784950375556946e-02 1.925091259181499481e-02
5.035102739930152893e-02 2.209452725946903229e-02
4.449162259697914124e-02 2.634819038212299347e-02
4.318330436944961548e-02 2.730228751897811890e-02
4.631804674863815308e-02 2.520307898521423340e-02
4.357112944126129150e-02 2.725097537040710449e-02
4.499421641230583191e-02 2.611569315195083618e-02
4.781965538859367371e-02 2.413098514080047607e-02
4.666958004236221313e-02 2.497006207704544067e-02
4.421560838818550110e-02 2.658763155341148376e-02
4.469655454158782959e-02 2.622494474053382874e-02
4.862603917717933655e-02 2.334222197532653809e-02
4.525435343384742737e-02 2.559646964073181152e-02
4.602314904332160950e-02 2.524456568062305450e-02
4.584705084562301636e-02 2.542283758521080017e-02
4.422115534543991089e-02 2.672636322677135468e-02
4.620402306318283081e-02 2.508537471294403076e-02
4.503557458519935608e-02 2.585418336093425751e-02
4.326670244336128235e-02 2.743699774146080017e-02
4.569976404309272766e-02 2.577613852918148041e-02
4.712997749447822571e-02 2.458756603300571442e-02
4.945305362343788147e-02 2.275382727384567261e-02
4.707030206918716431e-02 2.466382831335067749e-02
4.394159466028213501e-02 2.699248678982257843e-02
4.520005732774734497e-02 2.607414685189723969e-02
4.685721918940544128e-02 2.489183843135833740e-02
4.450482130050659180e-02 2.668948844075202942e-02
4.784443974494934082e-02 2.411198057234287262e-02
4.623929783701896667e-02 2.533922158181667328e-02
4.705424606800079346e-02 2.444206550717353821e-02
4.878426343202590942e-02 2.339465357363224030e-02
4.776092618703842163e-02 2.413299679756164551e-02
4.891936108469963074e-02 2.326044440269470215e-02
4.923615604639053345e-02 2.289131097495555878e-02
4.453945159912109375e-02 2.654961496591567993e-02
4.520680382847785950e-02 2.608479559421539307e-02
4.475674033164978027e-02 2.624680474400520325e-02
4.219046607613563538e-02 2.818403393030166626e-02
4.536772519350051880e-02 2.591636031866073608e-02
4.562945291399955750e-02 2.588285505771636963e-02
4.703377559781074524e-02 2.457503601908683777e-02
4.512793570756912231e-02 2.625314891338348389e-02
4.748836159706115723e-02 2.439128607511520386e-02
4.215276241302490234e-02 2.825228124856948853e-02
4.218135029077529907e-02 2.823121659457683563e-02
4.798318073153495789e-02 2.406273782253265381e-02
4.515658318996429443e-02 2.622266486287117004e-02
4.684950411319732666e-02 2.488865330815315247e-02
4.796729236841201782e-02 2.404258400201797485e-02
4.635899886488914490e-02 2.521731518208980560e-02
4.793998971581459045e-02 2.392810583114624023e-02
4.686963185667991638e-02 2.490463294088840485e-02
4.413536936044692993e-02 2.684069424867630005e-02
4.459926113486289978e-02 2.647978626191616058e-02
4.645549505949020386e-02 2.533273771405220032e-02
4.490242153406143188e-02 2.640350349247455597e-02
4.733691364526748657e-02 2.444603294134140015e-02
4.838113114237785339e-02 2.379636652767658234e-02
4.321129992604255676e-02 2.744744159281253815e-02
4.266562312841415405e-02 2.787285111844539642e-02
4.414846375584602356e-02 2.669172175228595734e-02
4.654696583747863770e-02 2.515962161123752594e-02
4.694968089461326599e-02 2.474250644445419312e-02
4.449711367487907410e-02 2.651329338550567627e-02
4.657782986760139465e-02 2.506420202553272247e-02
5.283719301223754883e-02 2.020277269184589386e-02
5.038018897175788879e-02 2.215387485921382904e-02
4.946122691035270691e-02 2.285498939454555511e-02
5.216417834162712097e-02 2.062841132283210754e-02
4.599750787019729614e-02 2.560399845242500305e-02
4.722499474883079529e-02 2.448117360472679138e-02
5.040635541081428528e-02 2.220343425869941711e-02
4.450288414955139160e-02 2.640894055366516113e-02
5.035390704870223999e-02 2.204469591379165649e-02
4.551030322909355164e-02 2.578107640147209167e-02
5.233051255345344543e-02 2.054633200168609619e-02
4.885849356651306152e-02 2.342376857995986938e-02
5.029743909835815430e-02 2.226388826966285706e-02
5.043489858508110046e-02 2.210913971066474915e-02
5.175959318876266479e-02 2.107058838009834290e-02
4.992061108350753784e-02 2.242712676525115967e-02
4.591665416955947876e-02 2.526165358722209930e-02
4.832697287201881409e-02 2.362525463104248047e-02
5.189371109008789062e-02 2.091506123542785645e-02
5.207809060811996460e-02 2.084459923207759857e-02
5.370716378092765808e-02 1.948263682425022125e-02
4.636740684509277344e-02 2.501157298684120178e-02
4.599789157509803772e-02 2.525247074663639069e-02
5.511631071567535400e-02 1.842837035655975342e-02
4.893602430820465088e-02 2.313128858804702759e-02
5.275703966617584229e-02 2.038383483886718750e-02
4.793164506554603577e-02 2.407504804432392120e-02
5.298769474029541016e-02 2.018003724515438080e-02
5.548200383782386780e-02 1.842152327299118042e-02
5.460755527019500732e-02 1.878313533961772919e-02
5.043821781873703003e-02 2.231763675808906555e-02
5.119910091161727905e-02 2.161194756627082825e-02
4.949770867824554443e-02 2.298206277191638947e-02
5.280712991952896118e-02 2.035256102681159973e-02
4.885955527424812317e-02 2.336059510707855225e-02
5.064576119184494019e-02 2.213005907833576202e-02
5.331737548112869263e-02 2.008204720914363861e-02
4.944710433483123779e-02 2.255129441618919373e-02
5.052355676889419556e-02 2.195818908512592316e-02
5.283269286155700684e-02 2.012611366808414459e-02
5.245954915881156921e-02 2.059453539550304413e-02
4.884610325098037720e-02 2.336180768907070160e-02
5.327438190579414368e-02 2.001325786113739014e-02
4.759519547224044800e-02 2.439015358686447144e-02
4.942963644862174988e-02 2.300369367003440857e-02
5.015794187784194946e-02 2.237067930400371552e-02
5.059567093849182129e-02 2.192006260156631470e-02
5.084265768527984619e-02 2.158707752823829651e-02
5.266381427645683289e-02 2.034993283450603485e-02
5.499245971441268921e-02 1.824524626135826111e-02
5.393205210566520691e-02 1.912626437842845917e-02
5.543927475810050964e-02 1.819364726543426514e-02
5.670575425028800964e-02 1.706961914896965027e-02
5.687094852328300476e-02 1.702703535556793213e-02
5.734015256166458130e-02 1.670083776116371155e-02
5.429207906126976013e-02 1.899920031428337097e-02
4.964263364672660828e-02 2.260389924049377441e-02
5.532196909189224243e-02 1.814956590533256531e-02
5.723321437835693359e-02 1.653201691806316376e-02
5.653553456068038940e-02 1.706748083233833313e-02
5.656565725803375244e-02 1.712609827518463135e-02
5.532305315136909485e-02 1.801504753530025482e-02
5.401942878961563110e-02 1.917010918259620667e-02
5.362959578633308411e-02 1.951510459184646606e-02
5.754941701889038086e-02 1.625725254416465759e-02
5.136322975158691406e-02 2.135368622839450836e-02
5.176053941249847412e-02 2.110218256711959839e-02
5.194393545389175415e-02 2.087582647800445557e-02
5.381564795970916748e-02 1.941956579685211182e-02
5.074381455779075623e-02 2.196263521909713745e-02
5.233168601989746094e-02 2.071970701217651367e-02
5.292490869760513306e-02 2.009176462888717651e-02
5.334687978029251099e-02 1.990310288965702057e-02
5.057469382882118225e-02 2.218778803944587708e-02
5.021786317229270935e-02 2.234460040926933289e-02
4.730172082781791687e-02 2.470583096146583557e-02
4.908769577741622925e-02 2.314872108399868011e-02
4.757538065314292908e-02 2.440570667386054993e-02
5.072458460927009583e-02 2.176414988934993744e-02
5.197957158088684082e-02 2.073851786553859711e-02
5.215343460440635681e-02 2.073414810001850128e-02
5.182195827364921570e-02 2.112641930580139160e-02
5.021874979138374329e-02 2.227991074323654175e-02
5.191741138696670532e-02 2.098808810114860535e-02
5.031285062432289124e-02 2.209418267011642456e-02
5.495287105441093445e-02 1.856131665408611298e-02
5.636761337518692017e-02 1.729589141905307770e-02
5.086766555905342102e-02 2.153689973056316376e-02
4.974858462810516357e-02 2.262041717767715454e-02
5.082311108708381653e-02 2.180504985153675079e-02
4.657120257616043091e-02 2.479844540357589722e-02
4.843554645776748657e-02 2.366916462779045105e-02
5.346719548106193542e-02 1.959128677845001221e-02
5.020481348037719727e-02 2.228571474552154541e-02
5.101273581385612488e-02 2.151148952543735504e-02
5.717919394373893738e-02 1.661165617406368256e-02
4.890231415629386902e-02 2.316386252641677856e-02
5.033098533749580383e-02 2.184575982391834259e-02
4.828076809644699097e-02 2.360237389802932739e-02
5.211376398801803589e-02 2.057758718729019165e-02
5.157337337732315063e-02 2.083482034504413605e-02
5.120833218097686768e-02 2.129618078470230103e-02
5.012410134077072144e-02 2.213298715651035309e-02
5.053560435771942139e-02 2.199208550155162811e-02
4.625865444540977478e-02 2.521315030753612518e-02
4.920650646090507507e-02 2.303339913487434387e-02
4.130135849118232727e-02 2.857112698256969452e-02
4.152445867657661438e-02 2.849761955440044403e-02
4.202933236956596375e-02 2.797676250338554382e-02
4.920166730880737305e-02 2.300322055816650391e-02
5.174313113093376160e-02 2.083455398678779602e-02
4.704365134239196777e-02 2.420163154602050781e-02
5.513057112693786621e-02 1.836180128157138824e-02
5.132352933287620544e-02 2.120016142725944519e-02
4.951656982302665710e-02 2.276125550270080566e-02
5.177492648363113403e-02 2.106054686009883881e-02
5.215652287006378174e-02 2.095985598862171173e-02
5.376419052481651306e-02 1.964184641838073730e-02
5.036908760666847229e-02 2.241208218038082123e-02
5.460817366838455200e-02 1.917205192148685455e-02
5.626655369997024536e-02 1.788406819105148315e-02
5.452664569020271301e-02 1.943654008209705353e-02
6.128482520580291748e-02 1.399567350745201111e-02
5.671992897987365723e-02 1.759406924247741699e-02
6.228674575686454773e-02 1.301237568259239197e-02
6.246085837483406067e-02 1.273184083402156830e-02
5.986101180315017700e-02 1.459000818431377411e-02
6.175658851861953735e-02 1.279365364462137222e-02
6.067972630262374878e-02 1.368704531341791153e-02
5.950284004211425781e-02 1.474464498460292816e-02
6.020452082157135010e-02 1.403713412582874298e-02
5.151867121458053589e-02 2.120639756321907043e-02
5.424593389034271240e-02 1.918985508382320404e-02
5.474212393164634705e-02 1.868343725800514221e-02
5.577126145362854004e-02 1.795417256653308868e-02
4.991013556718826294e-02 2.263251319527626038e-02
5.638457834720611572e-02 1.745597645640373230e-02
5.012830719351768494e-02 2.227299846708774567e-02
4.851579293608665466e-02 2.352197095751762390e-02
4.820447787642478943e-02 2.381443046033382416e-02
4.793779179453849792e-02 2.388600818812847137e-02
4.721850156784057617e-02 2.442171052098274231e-02
4.749348759651184082e-02 2.432211674749851227e-02
4.909144341945648193e-02 2.329619415104389191e-02
5.015247315168380737e-02 2.218132838606834412e-02
5.174326524138450623e-02 2.108348906040191650e-02
5.245796963572502136e-02 2.066287025809288025e-02
4.986910894513130188e-02 2.237509936094284058e-02
4.762112349271774292e-02 2.407721616327762604e-02
5.041573941707611084e-02 2.206316962838172913e-02
5.159731954336166382e-02 2.118062227964401245e-02
5.569717660546302795e-02 1.787460781633853912e-02
5.357253178954124451e-02 1.956611126661300659e-02
4.984315484762191772e-02 2.266690693795681000e-02
4.929747432470321655e-02 2.312580123543739319e-02
5.410107970237731934e-02 1.903229020535945892e-02
5.000379681587219238e-02 2.256760559976100922e-02
5.152735859155654907e-02 2.133386209607124329e-02
5.327360704541206360e-02 1.993270032107830048e-02
5.012700334191322327e-02 2.230133675038814545e-02
5.445415899157524109e-02 1.876947656273841858e-02
5.345171689987182617e-02 1.953889243304729462e-02
5.190074071288108826e-02 2.079087123274803162e-02
5.318227037787437439e-02 1.994025334715843201e-02
5.498611554503440857e-02 1.837899535894393921e-02
4.762602970004081726e-02 2.417680993676185608e-02
5.107915773987770081e-02 2.167965285480022430e-02
4.880677536129951477e-02 2.336071617901325226e-02
4.741317033767700195e-02 2.418597973883152008e-02
4.267838597297668457e-02 2.770632319152355194e-02
4.617476463317871094e-02 2.513745613396167755e-02
4.496348649263381958e-02 2.610895223915576935e-02
4.636159539222717285e-02 2.512577176094055176e-02
4.948234558105468750e-02 2.266426011919975281e-02
5.036972463130950928e-02 2.209498547017574310e-02
5.179262161254882812e-02 2.093954943120479584e-02
5.564810335636138916e-02 1.773061789572238922e-02
5.246165394783020020e-02 2.034134790301322937e-02
5.345441773533821106e-02 1.960476860404014587e-02
4.941349104046821594e-02 2.277998812496662140e-02
5.467201024293899536e-02 1.855880394577980042e-02
5.284961685538291931e-02 2.005368284881114960e-02
5.310218036174774170e-02 1.972943358123302460e-02
5.340063944458961487e-02 1.968458108603954315e-02
5.232449620962142944e-02 2.067939564585685730e-02
5.474804714322090149e-02 1.877486892044544220e-02
4.965725913643836975e-02 2.265598438680171967e-02
5.205537006258964539e-02 2.073180302977561951e-02
5.092732235789299011e-02 2.156370319426059723e-02
5.207347869873046875e-02 2.073473855853080750e-02
4.986995831131935120e-02 2.244570665061473846e-02
4.977440088987350464e-02 2.248998545110225677e-02
4.793175682425498962e-02 2.390708029270172119e-02
5.276165530085563660e-02 2.028420381247997284e-02
5.272407084703445435e-02 2.027441374957561493e-02
5.264270305633544922e-02 2.021607011556625366e-02
5.283321812748908997e-02 2.011455222964286804e-02
5.262708663940429688e-02 2.022884786128997803e-02
5.140373110771179199e-02 2.110890299081802368e-02
5.578207224607467651e-02 1.772565208375453949e-02
