6.365855783224105835e-02 1.168050616979598999e-02
6.362885236740112305e-02 1.162997260689735413e-02
6.360527127981185913e-02 1.153541635721921921e-02
6.359446793794631958e-02 1.147934980690479279e-02
6.354786455631256104e-02 1.190747972577810287e-02
6.368204951286315918e-02 1.173523813486099243e-02
6.366880983114242554e-02 1.162522472441196442e-02
6.355466693639755249e-02 1.159819588065147400e-02
6.354319304227828979e-02 1.188855804502964020e-02
6.353233009576797485e-02 1.204772479832172394e-02
6.356103718280792236e-02 1.175909023731946945e-02
6.359828263521194458e-02 1.152877323329448700e-02
6.351047754287719727e-02 1.211351528763771057e-02
6.362435221672058105e-02 1.212181616574525833e-02
6.356546282768249512e-02 1.191166229546070099e-02
6.355472654104232788e-02 1.170646212995052338e-02
6.362891197204589844e-02 1.159557793289422989e-02
6.353694945573806763e-02 1.196897868067026138e-02
6.358902156352996826e-02 1.184831373393535614e-02
6.365939229726791382e-02 1.185122225433588028e-02
6.364718079566955566e-02 1.134854555130004883e-02
6.351718306541442871e-02 1.120115071535110474e-02
6.356088817119598389e-02 1.146002579480409622e-02
6.348522007465362549e-02 1.167463511228561401e-02
6.353549659252166748e-02 1.196403428912162781e-02
6.369496136903762817e-02 1.190995797514915466e-02
6.359522044658660889e-02 1.201988477259874344e-02
6.357119977474212646e-02 1.180873438715934753e-02
6.369843333959579468e-02 1.168324705213308334e-02
6.365706771612167358e-02 1.149033755064010620e-02
6.361246109008789062e-02 1.186160370707511902e-02
6.378208845853805542e-02 1.137813553214073181e-02
6.356354802846908569e-02 1.177688594907522202e-02
6.363813579082489014e-02 1.172518171370029449e-02
6.363729387521743774e-02 1.197164598852396011e-02
6.344246864318847656e-02 1.155328378081321716e-02
6.360238045454025269e-02 1.161553431302309036e-02
6.353764235973358154e-02 1.182092539966106415e-02
6.348488479852676392e-02 1.197957154363393784e-02
6.357336044311523438e-02 1.168298814445734024e-02
6.336291879415512085e-02 1.200509723275899887e-02
6.346441060304641724e-02 1.198528986424207687e-02
6.359557807445526123e-02 1.183123141527175903e-02
6.361144036054611206e-02 1.163949538022279739e-02
6.363735347986221313e-02 1.191742718219757080e-02
6.351624429225921631e-02 1.179125811904668808e-02
6.343663483858108521e-02 1.167429331690073013e-02
6.349670886993408203e-02 1.119877398014068604e-02
6.347796320915222168e-02 1.115904655307531357e-02
6.334944069385528564e-02 1.165309827774763107e-02
6.330736726522445679e-02 1.171645056456327438e-02
6.347436457872390747e-02 1.164287608116865158e-02
6.266206502914428711e-02 1.245009619742631912e-02
6.362925469875335693e-02 1.174162328243255615e-02
6.356442719697952271e-02 1.170944608747959137e-02
6.349522620439529419e-02 1.133831311017274857e-02
6.337538361549377441e-02 1.151117961853742599e-02
6.343676149845123291e-02 1.129264850169420242e-02
6.359775364398956299e-02 1.136883534491062164e-02
6.354113668203353882e-02 1.132754050195217133e-02
6.342608481645584106e-02 1.146804448217153549e-02
6.336203962564468384e-02 1.199788600206375122e-02
6.327423453330993652e-02 1.204580627381801605e-02
6.329033523797988892e-02 1.218660734593868256e-02
6.336986273527145386e-02 1.219577528536319733e-02
6.323494762182235718e-02 1.201698835939168930e-02
6.331856548786163330e-02 1.226647291332483292e-02
6.334643810987472534e-02 1.167613733559846878e-02
6.331377476453781128e-02 1.199449039995670319e-02
6.349886208772659302e-02 1.133394241333007812e-02
6.332929432392120361e-02 1.145144738256931305e-02
6.346089392900466919e-02 1.118481345474720001e-02
6.334990262985229492e-02 1.122032478451728821e-02
6.342268735170364380e-02 1.114146783947944641e-02
6.348851323127746582e-02 1.126328669488430023e-02
6.364570558071136475e-02 1.125076785683631897e-02
6.349477916955947876e-02 1.086385548114776611e-02
6.352481991052627563e-02 1.123698614537715912e-02
6.352633237838745117e-02 1.151999644935131073e-02
6.342714279890060425e-02 1.160015165805816650e-02
6.333498656749725342e-02 1.149111986160278320e-02
6.326967477798461914e-02 1.144526153802871704e-02
6.303556263446807861e-02 1.153577305376529694e-02
6.322629004716873169e-02 1.144097186625003815e-02
6.348638981580734253e-02 1.113216020166873932e-02
6.331239640712738037e-02 1.108006294816732407e-02
6.312583386898040771e-02 1.158208027482032776e-02
6.300015002489089966e-02 1.185710262507200241e-02
6.312087178230285645e-02 1.156706921756267548e-02
6.311047077178955078e-02 1.179469935595989227e-02
6.325198709964752197e-02 1.179183460772037506e-02
6.313464045524597168e-02 1.218162383884191513e-02
6.326173245906829834e-02 1.184844411909580231e-02
6.328140944242477417e-02 1.173835154622793198e-02
6.334184855222702026e-02 1.170865260064601898e-02
6.316900998353958130e-02 1.187264174222946167e-02
6.344024837017059326e-02 1.119783520698547363e-02
6.144705042243003845e-02 1.324839610606431961e-02
6.344856321811676025e-02 1.159744616597890854e-02
6.345032155513763428e-02 1.205877307802438736e-02
6.341314315795898438e-02 1.173941604793071747e-02
6.313165277242660522e-02 1.202446222305297852e-02
6.333927810192108154e-02 1.177601888775825500e-02
6.317017972469329834e-02 1.192657928913831711e-02
6.158779934048652649e-02 1.300807483494281769e-02
6.318837404251098633e-02 1.177608314901590347e-02
6.336917728185653687e-02 1.152849011123180389e-02
6.347609311342239380e-02 1.193203032016754150e-02
6.328558921813964844e-02 1.215768791735172272e-02
6.324928253889083862e-02 1.158145070075988770e-02
6.344296038150787354e-02 1.172077469527721405e-02
6.365735083818435669e-02 1.138382591307163239e-02
6.337200105190277100e-02 1.175688020884990692e-02
6.358846276998519897e-02 1.132748182862997055e-02
6.327319890260696411e-02 1.189097948372364044e-02
6.329023092985153198e-02 1.180719584226608276e-02
6.315387040376663208e-02 1.192450989037752151e-02
6.318170577287673950e-02 1.165645197033882141e-02
6.310027837753295898e-02 1.171990856528282166e-02
6.282441318035125732e-02 1.180238183587789536e-02
6.283101439476013184e-02 1.156363170593976974e-02
6.294767558574676514e-02 1.165610924363136292e-02
6.278668344020843506e-02 1.177483052015304565e-02
6.276826560497283936e-02 1.172241196036338806e-02
6.252776831388473511e-02 1.255509816110134125e-02
6.277783960103988647e-02 1.263088267296552658e-02
6.279547512531280518e-02 1.202315837144851685e-02
6.328356266021728516e-02 1.278126891702413559e-02
6.313156336545944214e-02 1.241538859903812408e-02
6.328537315130233765e-02 1.237532496452331543e-02
6.327042728662490845e-02 1.215196680277585983e-02
6.344792246818542480e-02 1.221909932792186737e-02
6.331881135702133179e-02 1.242370344698429108e-02
6.351946294307708740e-02 1.225004717707633972e-02
6.335773319005966187e-02 1.208338513970375061e-02
6.361404806375503540e-02 1.251712534576654434e-02
6.334618479013442993e-02 1.230731140822172165e-02
6.324289739131927490e-02 1.249326672405004501e-02
6.282318383455276489e-02 1.254581660032272339e-02
6.240403279662132263e-02 1.306166499853134155e-02
6.330274045467376709e-02 1.231388002634048462e-02
6.322620809078216553e-02 1.252224668860435486e-02
6.295678019523620605e-02 1.250994205474853516e-02
6.337521970272064209e-02 1.235273294150829315e-02
6.318303197622299194e-02 1.248390320688486099e-02
6.310684978961944580e-02 1.248869113624095917e-02
6.301508843898773193e-02 1.216297876089811325e-02
6.304312497377395630e-02 1.216409355401992798e-02
6.198494136333465576e-02 1.300658751279115677e-02
6.256265938282012939e-02 1.244397833943367004e-02
6.327442079782485962e-02 1.219299435615539551e-02
6.312962621450424194e-02 1.245446596294641495e-02
6.244054064154624939e-02 1.297256257385015488e-02
6.332355737686157227e-02 1.238047517836093903e-02
6.332112848758697510e-02 1.234282087534666061e-02
6.335411220788955688e-02 1.214701589196920395e-02
6.250514835119247437e-02 1.284254435449838638e-02
6.218882277607917786e-02 1.289415732026100159e-02
6.344234198331832886e-02 1.232998259365558624e-02
6.314986199140548706e-02 1.230251882225275040e-02
6.287986785173416138e-02 1.235618721693754196e-02
6.339692324399948120e-02 1.170776877552270889e-02
6.332780420780181885e-02 1.157342270016670227e-02
6.326247751712799072e-02 1.169448066502809525e-02
6.357804685831069946e-02 1.108936127275228500e-02
6.331112235784530640e-02 1.190341170877218246e-02
6.336864829063415527e-02 1.145389769226312637e-02
6.364458054304122925e-02 1.111306715756654739e-02
6.343259662389755249e-02 1.129067782312631607e-02
6.341943889856338501e-02 1.131290383636951447e-02
6.335608661174774170e-02 1.147519703954458237e-02
6.327658891677856445e-02 1.139002945274114609e-02
6.312646716833114624e-02 1.161047816276550293e-02
6.300232559442520142e-02 1.110644917935132980e-02
6.292939931154251099e-02 1.077417470514774323e-02
6.303947418928146362e-02 1.110166218131780624e-02
6.286076456308364868e-02 1.086884830147027969e-02
6.286893784999847412e-02 1.118372101336717606e-02
6.256874650716781616e-02 1.118688471615314484e-02
6.242633983492851257e-02 1.138719730079174042e-02
6.285595148801803589e-02 1.133620645850896835e-02
6.284195929765701294e-02 1.160906627774238586e-02
6.272105872631072998e-02 1.153676025569438934e-02
6.294378638267517090e-02 1.159234158694744110e-02
6.284026056528091431e-02 1.169107388705015182e-02
6.304651498794555664e-02 1.145862042903900146e-02
6.241864711046218872e-02 1.166122313588857651e-02
6.237183883786201477e-02 1.175601594150066376e-02
6.289120018482208252e-02 1.110270898789167404e-02
6.233155727386474609e-02 1.182421948760747910e-02
6.235091388225555420e-02 1.192346494644880295e-02
6.298189610242843628e-02 1.146431453526020050e-02
6.332950294017791748e-02 1.209013257175683975e-02
6.330108642578125000e-02 1.205062866210937500e-02
6.310960650444030762e-02 1.236216444522142410e-02
6.332397460937500000e-02 1.177837885916233063e-02
6.352715939283370972e-02 1.191627513617277145e-02
6.310313940048217773e-02 1.193783432245254517e-02
6.368765234947204590e-02 1.123387087136507034e-02
6.299813836812973022e-02 1.174293737858533859e-02
5.934207141399383545e-02 1.478368230164051056e-02
6.204910203814506531e-02 1.260078698396682739e-02
6.038717553019523621e-02 1.394606381654739380e-02
6.081548333168029785e-02 1.359760109335184097e-02
6.235149130225181580e-02 1.238344796001911163e-02
6.302434206008911133e-02 1.186480652540922165e-02
6.320415437221527100e-02 1.171588618308305740e-02
6.286773085594177246e-02 1.194731332361698151e-02
6.356225162744522095e-02 1.167803537100553513e-02
6.339500099420547485e-02 1.163245271891355515e-02
6.266757100820541382e-02 1.206069067120552063e-02
6.282155215740203857e-02 1.190224010497331619e-02
6.336370855569839478e-02 1.182203460484743118e-02
6.233821436762809753e-02 1.234159711748361588e-02
6.196160241961479187e-02 1.280079968273639679e-02
6.319869309663772583e-02 1.154254004359245300e-02
6.218378618359565735e-02 1.245450135320425034e-02
6.271446496248245239e-02 1.212561037391424179e-02
6.337105482816696167e-02 1.108971796929836273e-02
6.329649686813354492e-02 1.127912942320108414e-02
6.325384229421615601e-02 1.136560365557670593e-02
6.348294019699096680e-02 1.159413345158100128e-02
6.339915841817855835e-02 1.130135077983140945e-02
6.361742317676544189e-02 1.135824993252754211e-02
6.334120035171508789e-02 1.159426104277372360e-02
6.342010200023651123e-02 1.147196814417839050e-02
6.356558948755264282e-02 1.144999265670776367e-02
6.344765424728393555e-02 1.156662497669458389e-02
6.346883624792098999e-02 1.156998053193092346e-02
6.320770829916000366e-02 1.156189758330583572e-02
6.337528675794601440e-02 1.166179589927196503e-02
6.341021507978439331e-02 1.143068075180053711e-02
6.332366913557052612e-02 1.132413186132907867e-02
6.306511163711547852e-02 1.153230573982000351e-02
6.313522905111312866e-02 1.127965189516544342e-02
6.330361962318420410e-02 1.144830137491226196e-02
6.324858963489532471e-02 1.120205223560333252e-02
6.321685761213302612e-02 1.149268168956041336e-02
6.320732086896896362e-02 1.108613051474094391e-02
6.303634494543075562e-02 1.133708748966455460e-02
6.313396990299224854e-02 1.131232921034097672e-02
6.308688968420028687e-02 1.146284490823745728e-02
6.303409487009048462e-02 1.130929216742515564e-02
6.308250129222869873e-02 1.169292349368333817e-02
6.298611313104629517e-02 1.176694594323635101e-02
6.311389803886413574e-02 1.150013972073793411e-02
6.313049048185348511e-02 1.167750731110572815e-02
6.293930113315582275e-02 1.162673253566026688e-02
6.282746046781539917e-02 1.199870649725198746e-02
6.292446702718734741e-02 1.174820773303508759e-02
6.299089640378952026e-02 1.162086427211761475e-02
6.309758126735687256e-02 1.169504877179861069e-02
6.306747347116470337e-02 1.143907569348812103e-02
6.301289796829223633e-02 1.180535927414894104e-02
6.314010173082351685e-02 1.159990113228559494e-02
6.307778507471084595e-02 1.161192730069160461e-02
6.300790607929229736e-02 1.160313375294208527e-02
6.306672841310501099e-02 1.164725888520479202e-02
6.305195391178131104e-02 1.157575566321611404e-02
6.302442401647567749e-02 1.157827302813529968e-02
6.311115622520446777e-02 1.156047265976667404e-02
6.312682479619979858e-02 1.179545931518077850e-02
6.308957189321517944e-02 1.189612131565809250e-02
6.309353560209274292e-02 1.165765710175037384e-02
6.298211216926574707e-02 1.179474778473377228e-02
6.308929622173309326e-02 1.163405831903219223e-02
6.310302019119262695e-02 1.145243458449840546e-02
6.303712725639343262e-02 1.136991940438747406e-02
6.300169974565505981e-02 1.167490798979997635e-02
6.305890530347824097e-02 1.177654508501291275e-02
6.316916644573211670e-02 1.181579194962978363e-02
6.329072266817092896e-02 1.147760264575481415e-02
6.318526715040206909e-02 1.169554516673088074e-02
6.329780071973800659e-02 1.154513284564018250e-02
6.326827406883239746e-02 1.163606625050306320e-02
6.327215582132339478e-02 1.143210008740425110e-02
6.335583329200744629e-02 1.148743741214275360e-02
6.336693465709686279e-02 1.158862467855215073e-02
6.335142254829406738e-02 1.169317495077848434e-02
6.345929950475692749e-02 1.156155671924352646e-02
6.337508559226989746e-02 1.175665576010942459e-02
6.341724097728729248e-02 1.163366436958312988e-02
6.328278779983520508e-02 1.157918944954872131e-02
6.343781948089599609e-02 1.156974583864212036e-02
6.332842260599136353e-02 1.155622117221355438e-02
6.328932195901870728e-02 1.143382862210273743e-02
6.322447210550308228e-02 1.133569888770580292e-02
6.324180960655212402e-02 1.152632292360067368e-02
6.321082264184951782e-02 1.157823763787746429e-02
6.345334649085998535e-02 1.134129427373409271e-02
6.330385059118270874e-02 1.123875007033348083e-02
6.332498788833618164e-02 1.135756913572549820e-02
6.336081773042678833e-02 1.102119870483875275e-02
6.321053206920623779e-02 1.124419085681438446e-02
6.329155713319778442e-02 1.158326864242553711e-02
6.333669275045394897e-02 1.188165321946144104e-02
6.327920407056808472e-02 1.155783608555793762e-02
6.335059553384780884e-02 1.165679097175598145e-02
6.332074105739593506e-02 1.162699423730373383e-02
6.341948360204696655e-02 1.171420700848102570e-02
6.330546736717224121e-02 1.182162854820489883e-02
6.338824331760406494e-02 1.166086271405220032e-02
6.335847824811935425e-02 1.164602115750312805e-02
6.319246441125869751e-02 1.193444244563579559e-02
6.326998770236968994e-02 1.206205878406763077e-02
6.326497346162796021e-02 1.227704435586929321e-02
6.343052536249160767e-02 1.214064657688140869e-02
6.326541304588317871e-02 1.199456769973039627e-02
6.329789757728576660e-02 1.200608257204294205e-02
6.356019526720046997e-02 1.200407929718494415e-02
6.353741139173507690e-02 1.217294950038194656e-02
6.362909078598022461e-02 1.175931934267282486e-02
6.361862272024154663e-02 1.178184617310762405e-02
6.361202895641326904e-02 1.153307687491178513e-02
6.367176026105880737e-02 1.157975476235151291e-02
6.341584026813507080e-02 1.160163525491952896e-02
6.349479407072067261e-02 1.165775954723358154e-02
6.325793266296386719e-02 1.141313929110765457e-02
6.337848305702209473e-02 1.146838441491127014e-02
6.338543444871902466e-02 1.156387384980916977e-02
6.344953924417495728e-02 1.149961166083812714e-02
6.344636529684066772e-02 1.120765879750251770e-02
6.352510303258895874e-02 1.129185874015092850e-02
6.351139396429061890e-02 1.129507739096879959e-02
6.335338950157165527e-02 1.134823169559240341e-02
6.333718448877334595e-02 1.150812767446041107e-02
6.323444843292236328e-02 1.145911775529384613e-02
6.330905109643936157e-02 1.126954704523086548e-02
6.318953633308410645e-02 1.139966398477554321e-02
6.333307176828384399e-02 1.148275937885046005e-02
6.327532231807708740e-02 1.146867312490940094e-02
6.317836046218872070e-02 1.164571475237607956e-02
6.311224400997161865e-02 1.179389189928770065e-02
6.324340403079986572e-02 1.164691895246505737e-02
6.320027261972427368e-02 1.203781925141811371e-02
6.318945437669754028e-02 1.197214145213365555e-02
6.292396783828735352e-02 1.205100584775209427e-02
6.266433745622634888e-02 1.241122838109731674e-02
6.306163966655731201e-02 1.199478469789028168e-02
6.313907355070114136e-02 1.203182246536016464e-02
6.291013956069946289e-02 1.230065524578094482e-02
5.983394384384155273e-02 1.435147970914840698e-02
6.330770254135131836e-02 1.196977868676185608e-02
6.318573653697967529e-02 1.200923137366771698e-02
6.289462745189666748e-02 1.223834790289402008e-02
6.313452869653701782e-02 1.233281940221786499e-02
6.287202239036560059e-02 1.234860066324472427e-02
6.308190524578094482e-02 1.189872156828641891e-02
6.193570420145988464e-02 1.275216881185770035e-02
6.264255940914154053e-02 1.257255300879478455e-02
6.333964318037033081e-02 1.134722866117954254e-02
6.320531666278839111e-02 1.111562084406614304e-02
6.346052885055541992e-02 1.154336053878068924e-02
6.339101493358612061e-02 1.165981870144605637e-02
6.318147480487823486e-02 1.182492915540933609e-02
6.328406929969787598e-02 1.126169692724943161e-02
6.342970579862594604e-02 1.204739883542060852e-02
6.326921284198760986e-02 1.173241063952445984e-02
6.333310157060623169e-02 1.192889735102653503e-02
6.338106840848922729e-02 1.165897399187088013e-02
6.351707875728607178e-02 1.155116222798824310e-02
6.343188136816024780e-02 1.110953185707330704e-02
6.343785673379898071e-02 1.114311069250106812e-02
6.337177008390426636e-02 1.121316663920879364e-02
6.344804167747497559e-02 1.110201515257358551e-02
6.340507417917251587e-02 1.115507632493972778e-02
6.336038559675216675e-02 1.111977081745862961e-02
6.343714147806167603e-02 1.085292920470237732e-02
6.337836384773254395e-02 1.104364637285470963e-02
6.328434497117996216e-02 1.111583225429058075e-02
6.328803300857543945e-02 1.104820799082517624e-02
6.327757239341735840e-02 1.130778063088655472e-02
6.318951398134231567e-02 1.143645960837602615e-02
6.320618093013763428e-02 1.133614778518676758e-02
6.337036937475204468e-02 1.120757963508367538e-02
6.339957565069198608e-02 1.119396090507507324e-02
6.360882520675659180e-02 1.095129363238811493e-02
6.354619562625885010e-02 1.106421649456024170e-02
6.343808025121688843e-02 1.082726661115884781e-02
6.345743685960769653e-02 1.046508457511663437e-02
6.327629089355468750e-02 1.101150922477245331e-02
6.353244930505752563e-02 1.064446102827787399e-02
6.349591165781021118e-02 1.104530598968267441e-02
6.345468014478683472e-02 1.077822130173444748e-02
6.340624392032623291e-02 1.074876543134450912e-02
6.352068483829498291e-02 1.055786386132240295e-02
6.339034438133239746e-02 1.043368224054574966e-02
6.334155797958374023e-02 1.061540190130472183e-02
6.329419463872909546e-02 1.102784927934408188e-02
6.314119696617126465e-02 1.097507774829864502e-02
6.309299170970916748e-02 1.123670209199190140e-02
6.302411854267120361e-02 1.126717589795589447e-02
6.310972571372985840e-02 1.119086612015962601e-02
6.300394237041473389e-02 1.114666834473609924e-02
6.296347081661224365e-02 1.130433008074760437e-02
6.313192844390869141e-02 1.128383912146091461e-02
6.303738057613372803e-02 1.128748897463083267e-02
6.304762512445449829e-02 1.155110821127891541e-02
6.295236200094223022e-02 1.166803948581218719e-02
6.288715451955795288e-02 1.155765727162361145e-02
6.299767643213272095e-02 1.150342728942632675e-02
6.306485086679458618e-02 1.143315527588129044e-02
6.301667541265487671e-02 1.166163012385368347e-02
6.308602541685104370e-02 1.150142308324575424e-02
6.304846704006195068e-02 1.173283811658620834e-02
6.310758739709854126e-02 1.164317969232797623e-02
6.296543031930923462e-02 1.182813756167888641e-02
6.321454048156738281e-02 1.135767903178930283e-02
6.315140426158905029e-02 1.146533433347940445e-02
6.310456246137619019e-02 1.127906702458858490e-02
6.311963498592376709e-02 1.126510649919509888e-02
6.317026168107986450e-02 1.132561359554529190e-02
6.310433894395828247e-02 1.118619088083505630e-02
6.315401941537857056e-02 1.119810715317726135e-02
6.319593638181686401e-02 1.155343931168317795e-02
6.328080594539642334e-02 1.167657412588596344e-02
6.327501684427261353e-02 1.140537206083536148e-02
6.330493837594985962e-02 1.174276787787675858e-02
6.320266425609588623e-02 1.170166954398155212e-02
6.331622600555419922e-02 1.149054616689682007e-02
6.303972750902175903e-02 1.162573974579572678e-02
6.318759173154830933e-02 1.149109471589326859e-02
6.326141953468322754e-02 1.125296764075756073e-02
6.312659382820129395e-02 1.173218619078397751e-02
6.317308545112609863e-02 1.138443965464830399e-02
6.325571984052658081e-02 1.128967944532632828e-02
6.311482191085815430e-02 1.175750885158777237e-02
6.321218609809875488e-02 1.149366889148950577e-02
6.324926018714904785e-02 1.135629788041114807e-02
6.334035098552703857e-02 1.129225548356771469e-02
6.341679394245147705e-02 1.162223145365715027e-02
6.326268613338470459e-02 1.134032569825649261e-02
6.330557167530059814e-02 1.174922566860914230e-02
6.324322521686553955e-02 1.154494285583496094e-02
6.329249590635299683e-02 1.144409179687500000e-02
6.324166804552078247e-02 1.147958636283874512e-02
6.325238943099975586e-02 1.202633418142795563e-02
6.310469657182693481e-02 1.183842867612838745e-02
6.317433714866638184e-02 1.167977880686521530e-02
6.313426047563552856e-02 1.213569846004247665e-02
6.320974230766296387e-02 1.185524649918079376e-02
6.327356398105621338e-02 1.193062122911214828e-02
6.313274800777435303e-02 1.198134198784828186e-02
6.316266953945159912e-02 1.202292367815971375e-02
6.305880099534988403e-02 1.210244838148355484e-02
6.305442750453948975e-02 1.202297303825616837e-02
6.331210583448410034e-02 1.203951239585876465e-02
6.334780901670455933e-02 1.180846802890300751e-02
6.327260285615921021e-02 1.184049900621175766e-02
6.320525705814361572e-02 1.213270612061023712e-02
6.311410665512084961e-02 1.197894383221864700e-02
6.311589479446411133e-02 1.199844107031822205e-02
6.323255598545074463e-02 1.181544363498687744e-02
6.327309459447860718e-02 1.160530094057321548e-02
6.333790719509124756e-02 1.181225664913654327e-02
6.338562816381454468e-02 1.150414347648620605e-02
6.344327330589294434e-02 1.150544267147779465e-02
6.332686543464660645e-02 1.189516671001911163e-02
6.306523084640502930e-02 1.183789595961570740e-02
6.318412721157073975e-02 1.134159509092569351e-02
6.301102787256240845e-02 1.236872840672731400e-02
5.889328196644783020e-02 1.502809301018714905e-02
6.298828125000000000e-02 1.216497737914323807e-02
6.100779399275779724e-02 1.358144450932741165e-02
4.637800529599189758e-02 2.533256076276302338e-02
5.841563642024993896e-02 1.557760126888751984e-02
6.190824136137962341e-02 1.298393122851848602e-02
5.731671676039695740e-02 1.660060137510299683e-02
6.234791129827499390e-02 1.252985745668411255e-02
5.676503479480743408e-02 1.698037609457969666e-02
6.319435685873031616e-02 1.202272158116102219e-02
6.306748837232589722e-02 1.199960708618164062e-02
6.078932806849479675e-02 1.358278561383485794e-02
5.814228951930999756e-02 1.572369784116744995e-02
6.312830001115798950e-02 1.216202694922685623e-02
6.344211101531982422e-02 1.208904851227998734e-02
6.345561146736145020e-02 1.179332286119461060e-02
6.353546679019927979e-02 1.196555700153112411e-02
6.310050189495086670e-02 1.192217040807008743e-02
6.244155019521713257e-02 1.272474694997072220e-02
6.343850493431091309e-02 1.210045069456100464e-02
6.358433514833450317e-02 1.198422163724899292e-02
6.297300755977630615e-02 1.212344225496053696e-02
6.296067684888839722e-02 1.233663409948348999e-02
6.332065165042877197e-02 1.213819347321987152e-02
6.326211988925933838e-02 1.207736320793628693e-02
6.201570481061935425e-02 1.277475804090499878e-02
5.653280019760131836e-02 1.719645783305168152e-02
4.653687030076980591e-02 2.499401010572910309e-02
5.264813452959060669e-02 2.014051191508769989e-02
5.917346850037574768e-02 1.506810355931520462e-02
5.781184881925582886e-02 1.606855727732181549e-02
6.099536269903182983e-02 1.315760426223278046e-02
6.333292275667190552e-02 1.164949219673871994e-02
6.228489801287651062e-02 1.235895417630672455e-02
6.189103052020072937e-02 1.266369409859180450e-02
6.150821596384048462e-02 1.330141909420490265e-02
6.261907517910003662e-02 1.239200867712497711e-02
5.101139098405838013e-02 2.144677378237247467e-02
6.203214451670646667e-02 1.288729999214410782e-02
6.304397433996200562e-02 1.220892369747161865e-02
6.338054686784744263e-02 1.173644047230482101e-02
6.250268220901489258e-02 1.247180346399545670e-02
6.282810866832733154e-02 1.237443834543228149e-02
6.329795718193054199e-02 1.224416866898536682e-02
6.342681497335433960e-02 1.230336539447307587e-02
6.319783627986907959e-02 1.232157088816165924e-02
6.345111131668090820e-02 1.222475990653038025e-02
6.359771639108657837e-02 1.229129172861576080e-02
6.343753635883331299e-02 1.214118395000696182e-02
6.250829249620437622e-02 1.262692455202341080e-02
6.308588385581970215e-02 1.229468639940023422e-02
6.320461630821228027e-02 1.215526740998029709e-02
6.260298937559127808e-02 1.270412653684616089e-02
6.349667906761169434e-02 1.181113347411155701e-02
6.305524706840515137e-02 1.228705793619155884e-02
6.307674944400787354e-02 1.225280947983264923e-02
6.359121203422546387e-02 1.194324064999818802e-02
6.328113377094268799e-02 1.198542397469282150e-02
6.346964836120605469e-02 1.196870859712362289e-02
6.342211365699768066e-02 1.190945040434598923e-02
6.357976049184799194e-02 1.197709515690803528e-02
6.351377815008163452e-02 1.200766675174236298e-02
6.359293311834335327e-02 1.173337455838918686e-02
6.349522620439529419e-02 1.195551361888647079e-02
6.344605982303619385e-02 1.226169522851705551e-02
6.353183835744857788e-02 1.230468321591615677e-02
6.359466165304183960e-02 1.227351650595664978e-02
6.350476294755935669e-02 1.254600100219249725e-02
6.350856274366378784e-02 1.225158385932445526e-02
6.353800743818283081e-02 1.238405704498291016e-02
6.345596909523010254e-02 1.240272074937820435e-02
6.354083120822906494e-02 1.245618890970945358e-02
6.357222050428390503e-02 1.214613486081361771e-02
6.348581612110137939e-02 1.235290803015232086e-02
6.373365968465805054e-02 1.241931598633527756e-02
6.344879418611526489e-02 1.215757429599761963e-02
6.312686949968338013e-02 1.253307051956653595e-02
6.323363631963729858e-02 1.239762827754020691e-02
6.316572427749633789e-02 1.221299823373556137e-02
6.342016160488128662e-02 1.196001004427671432e-02
6.310587376356124878e-02 1.244779862463474274e-02
6.357222795486450195e-02 1.221416890621185303e-02
6.319740414619445801e-02 1.208775583654642105e-02
6.325551122426986694e-02 1.226650737226009369e-02
6.324740499258041382e-02 1.242003217339515686e-02
6.346768140792846680e-02 1.216864213347434998e-02
6.320857256650924683e-02 1.220164448022842407e-02
6.355107575654983521e-02 1.204941608011722565e-02
6.333670020103454590e-02 1.215189695358276367e-02
6.334076076745986938e-02 1.228666957467794418e-02
6.361632049083709717e-02 1.207014359533786774e-02
6.347288936376571655e-02 1.201580930501222610e-02
6.330824643373489380e-02 1.225574314594268799e-02
6.335160136222839355e-02 1.227213628590106964e-02
6.317330151796340942e-02 1.227935031056404114e-02
6.333841383457183838e-02 1.187469530850648880e-02
6.319567561149597168e-02 1.212893798947334290e-02
6.291798502206802368e-02 1.259536761790513992e-02
6.315065920352935791e-02 1.231396850198507309e-02
6.326529383659362793e-02 1.206000149250030518e-02
6.333115696907043457e-02 1.198327634483575821e-02
6.327516585588455200e-02 1.206998340785503387e-02
6.312590092420578003e-02 1.227198541164398193e-02
6.303009390830993652e-02 1.228688936680555344e-02
6.299336999654769897e-02 1.212274003773927689e-02
6.283076107501983643e-02 1.225280761718750000e-02
6.283923983573913574e-02 1.227887626737356186e-02
6.291856616735458374e-02 1.210376061499118805e-02
6.304012984037399292e-02 1.212641783058643341e-02
6.295176595449447632e-02 1.211201213300228119e-02
6.300286203622817993e-02 1.210220437496900558e-02
6.293772906064987183e-02 1.223747991025447845e-02
6.298884004354476929e-02 1.203986164182424545e-02
6.296215951442718506e-02 1.217745989561080933e-02
6.283601373434066772e-02 1.211317628622055054e-02
6.296798586845397949e-02 1.198746543377637863e-02
6.305609643459320068e-02 1.205712929368019104e-02
6.294569373130798340e-02 1.211974490433931351e-02
6.310655921697616577e-02 1.195676252245903015e-02
6.312359124422073364e-02 1.208619959652423859e-02
6.323258578777313232e-02 1.205544825643301010e-02
6.317085772752761841e-02 1.200851704925298691e-02
6.319608539342880249e-02 1.229083072394132614e-02
6.324114650487899780e-02 1.194324996322393417e-02
6.332826614379882812e-02 1.205471251159906387e-02
6.341096013784408569e-02 1.224213279783725739e-02
6.348069012165069580e-02 1.227356120944023132e-02
6.343609094619750977e-02 1.198083162307739258e-02
6.348779797554016113e-02 1.204037666320800781e-02
6.352148205041885376e-02 1.194561365991830826e-02
6.349803507328033447e-02 1.196534838527441025e-02
6.331279128789901733e-02 1.214006915688514709e-02
6.339003145694732666e-02 1.194386929273605347e-02
6.345580518245697021e-02 1.156757399439811707e-02
6.353340297937393188e-02 1.175137702375650406e-02
6.342110037803649902e-02 1.166084781289100647e-02
6.372950971126556396e-02 1.123487763106822968e-02
6.370352208614349365e-02 1.094173640012741089e-02
6.375039368867874146e-02 1.130125764757394791e-02
6.273577362298965454e-02 1.171597838401794434e-02
6.367659568786621094e-02 1.141378935426473618e-02
6.326822936534881592e-02 1.147219724953174591e-02
5.937994271516799927e-02 1.487378682941198349e-02
6.046272814273834229e-02 1.402958203107118607e-02
6.362802535295486450e-02 1.140790432691574097e-02
6.366366147994995117e-02 1.101668737828731537e-02
6.373486667871475220e-02 1.139736734330654144e-02
6.360140442848205566e-02 1.142986491322517395e-02
6.148158386349678040e-02 1.310977526009082794e-02
6.190343573689460754e-02 1.298617105931043625e-02
6.365831196308135986e-02 1.160448137670755386e-02
6.299889832735061646e-02 1.181135699152946472e-02
6.349254399538040161e-02 1.134286914020776749e-02
6.355475634336471558e-02 1.158873271197080612e-02
6.354758143424987793e-02 1.125637162476778030e-02
6.239039450883865356e-02 1.234895270317792892e-02
6.323566287755966187e-02 1.108025759458541870e-02
6.327164918184280396e-02 1.173576805740594864e-02
6.317488104104995728e-02 1.150172762572765350e-02
6.336562335491180420e-02 1.149347703903913498e-02
6.333222240209579468e-02 1.157521735876798630e-02
6.354123353958129883e-02 1.145945396274328232e-02
6.329915672540664673e-02 1.139413844794034958e-02
6.332084536552429199e-02 1.143747474998235703e-02
6.334207952022552490e-02 1.145968679338693619e-02
6.304262578487396240e-02 1.185782812535762787e-02
6.331532448530197144e-02 1.135595794767141342e-02
6.328386813402175903e-02 1.157154422253370285e-02
6.308118999004364014e-02 1.178318634629249573e-02
6.344265490770339966e-02 1.151293795555830002e-02
6.321246176958084106e-02 1.168098300695419312e-02
6.263363361358642578e-02 1.213638857007026672e-02
6.320079416036605835e-02 1.156415790319442749e-02
6.329689919948577881e-02 1.119857095181941986e-02
6.318897008895874023e-02 1.122692972421646118e-02
6.331267207860946655e-02 1.164319366216659546e-02
6.335175037384033203e-02 1.148317661136388779e-02
6.333878636360168457e-02 1.151822973042726517e-02
6.329689919948577881e-02 1.139244250953197479e-02
6.317849457263946533e-02 1.181731838732957840e-02
6.316123157739639282e-02 1.175285317003726959e-02
6.311716884374618530e-02 1.184054370969533920e-02
6.327458471059799194e-02 1.194751448929309845e-02
6.333105266094207764e-02 1.231315359473228455e-02
6.311508268117904663e-02 1.239913702011108398e-02
6.332440674304962158e-02 1.194214820861816406e-02
6.345192342996597290e-02 1.225685607641935349e-02
6.328667700290679932e-02 1.220559887588024139e-02
6.347532570362091064e-02 1.201540417969226837e-02
6.340982764959335327e-02 1.186761539429426193e-02
6.358101218938827515e-02 1.144130248576402664e-02
6.347093731164932251e-02 1.158099249005317688e-02
6.366106867790222168e-02 1.158287469297647476e-02
6.358870863914489746e-02 1.161365676671266556e-02
6.352210044860839844e-02 1.182574220001697540e-02
6.350535154342651367e-02 1.162960194051265717e-02
6.318257749080657959e-02 1.149326562881469727e-02
6.320276856422424316e-02 1.165757887065410614e-02
6.304340064525604248e-02 1.116528920829296112e-02
6.296672672033309937e-02 1.157595776021480560e-02
6.274994462728500366e-02 1.135744247585535049e-02
6.262417882680892944e-02 1.180266775190830231e-02
6.272541731595993042e-02 1.159488130360841751e-02
6.273461133241653442e-02 1.214402914047241211e-02
6.270555406808853149e-02 1.247139833867549896e-02
6.289929151535034180e-02 1.223175879567861557e-02
6.250997632741928101e-02 1.268006023019552231e-02
6.317451596260070801e-02 1.232204586267471313e-02
6.310054659843444824e-02 1.223752461373806000e-02
5.556579306721687317e-02 1.791805028915405273e-02
5.852088332176208496e-02 1.548882015049457550e-02
5.514201149344444275e-02 1.823218166828155518e-02
6.367274373769760132e-02 1.156140863895416260e-02
6.358224153518676758e-02 1.154316868633031845e-02
5.363926291465759277e-02 1.942130178213119507e-02
6.351421773433685303e-02 1.198969036340713501e-02
6.206990778446197510e-02 1.279868930578231812e-02
6.178479269146919250e-02 1.302990876138210297e-02
6.329283863306045532e-02 1.194620318710803986e-02
6.267082691192626953e-02 1.287959329783916473e-02
6.346427649259567261e-02 1.220673788338899612e-02
6.337726116180419922e-02 1.234623789787292480e-02
6.285785138607025146e-02 1.285060122609138489e-02
6.329937279224395752e-02 1.219862885773181915e-02
6.308110058307647705e-02 1.189915742725133896e-02
6.353053450584411621e-02 1.113851368427276611e-02
6.357050687074661255e-02 1.130156032741069794e-02
6.351965665817260742e-02 1.145393028855323792e-02
6.379054486751556396e-02 1.108500268310308456e-02
6.327095627784729004e-02 1.182102411985397339e-02
6.343497335910797119e-02 1.164192426949739456e-02
6.341439485549926758e-02 1.152131147682666779e-02
6.305907666683197021e-02 1.183961331844329834e-02
6.301590800285339355e-02 1.194883510470390320e-02
6.288167089223861694e-02 1.161207817494869232e-02
6.277762353420257568e-02 1.158011890947818756e-02
6.260669231414794922e-02 1.186624914407730103e-02
6.264974921941757202e-02 1.143226586282253265e-02
6.219928339123725891e-02 1.192470267415046692e-02
6.227469816803932190e-02 1.212353352457284927e-02
6.250279396772384644e-02 1.187488250434398651e-02
6.270886957645416260e-02 1.197657547891139984e-02
6.263634562492370605e-02 1.213303487747907639e-02
6.186072155833244324e-02 1.320069190114736557e-02
6.175704672932624817e-02 1.310710236430168152e-02
5.848434194922447205e-02 1.569200493395328522e-02
6.151391938328742981e-02 1.287841144949197769e-02
6.354793906211853027e-02 1.213534921407699585e-02
4.901159554719924927e-02 2.313651517033576965e-02
6.324577331542968750e-02 1.212590560317039490e-02
5.513938143849372864e-02 1.876853220164775848e-02
5.438695102930068970e-02 1.895441487431526184e-02
6.335678696632385254e-02 1.240824535489082336e-02
6.336529552936553955e-02 1.215705834329128265e-02
6.313688308000564575e-02 1.197846606373786926e-02
6.320103257894515991e-02 1.235567685216665268e-02
6.312030553817749023e-02 1.235748641192913055e-02
6.319065392017364502e-02 1.257370226085186005e-02
6.320764124393463135e-02 1.227745041251182556e-02
6.308978050947189331e-02 1.245420426130294800e-02
6.323003768920898438e-02 1.250306982547044754e-02
6.327560544013977051e-02 1.264181453734636307e-02
6.322618573904037476e-02 1.248776447027921677e-02
6.334640830755233765e-02 1.262451428920030594e-02
6.356863677501678467e-02 1.269029546529054642e-02
6.343094259500503540e-02 1.255365647375583649e-02
6.350168585777282715e-02 1.266097091138362885e-02
6.356331706047058105e-02 1.260978728532791138e-02
6.361917406320571899e-02 1.248529460281133652e-02
6.342181563377380371e-02 1.245644409209489822e-02
6.337653100490570068e-02 1.239692885428667068e-02
6.332527846097946167e-02 1.227033697068691254e-02
6.334678828716278076e-02 1.224552653729915619e-02
6.325623393058776855e-02 1.241296995431184769e-02
6.326754391193389893e-02 1.255458965897560120e-02
6.316277384757995605e-02 1.240807026624679565e-02
6.314887106418609619e-02 1.236159913241863251e-02
6.328973919153213501e-02 1.239032484591007233e-02
6.332358717918395996e-02 1.237161457538604736e-02
6.340395659208297729e-02 1.234673243016004562e-02
6.346762180328369141e-02 1.210210192948579788e-02
6.358134746551513672e-02 1.219678018242120743e-02
6.334934383630752563e-02 1.232544332742691040e-02
6.326807290315628052e-02 1.216157712042331696e-02
6.333453208208084106e-02 1.233974285423755646e-02
6.318454444408416748e-02 1.217393577098846436e-02
6.318065524101257324e-02 1.224560942500829697e-02
6.319857388734817505e-02 1.248096395283937454e-02
6.307863444089889526e-02 1.224971655756235123e-02
6.313119083642959595e-02 1.243605278432369232e-02
6.310804933309555054e-02 1.225878950208425522e-02
6.337542086839675903e-02 1.238729991018772125e-02
6.325709074735641479e-02 1.201484259217977524e-02
6.307286024093627930e-02 1.226106658577919006e-02
6.336502730846405029e-02 1.171309873461723328e-02
6.357120722532272339e-02 1.188422366976737976e-02
6.341741234064102173e-02 1.204383280128240585e-02
6.197905540466308594e-02 1.292694453150033951e-02
6.314601004123687744e-02 1.208561938256025314e-02
6.310800462961196899e-02 1.224169787019491196e-02
6.315576285123825073e-02 1.228438131511211395e-02
6.316838413476943970e-02 1.213284954428672791e-02
6.314358860254287720e-02 1.230499148368835449e-02
6.316115707159042358e-02 1.265672687441110611e-02
6.318022310733795166e-02 1.281338743865489960e-02
6.310828775167465210e-02 1.263345498591661453e-02
6.309474259614944458e-02 1.255862880498170853e-02
6.309005618095397949e-02 1.253393013030290604e-02
6.317806243896484375e-02 1.274211145937442780e-02
6.338976323604583740e-02 1.273870468139648438e-02
6.322028487920761108e-02 1.249120198190212250e-02
6.322786957025527954e-02 1.269823033362627029e-02
6.348434835672378540e-02 1.270850002765655518e-02
6.339450180530548096e-02 1.243046857416629791e-02
6.343326717615127563e-02 1.245981082320213318e-02
6.348567456007003784e-02 1.237397454679012299e-02
6.345748901367187500e-02 1.232029497623443604e-02
6.371889263391494751e-02 1.232513412833213806e-02
6.350998580455780029e-02 1.226293761283159256e-02
6.336281448602676392e-02 1.228416245430707932e-02
6.324929744005203247e-02 1.200370863080024719e-02
6.332834064960479736e-02 1.187894493341445923e-02
6.339628249406814575e-02 1.198044605553150177e-02
6.327755004167556763e-02 1.220825314521789551e-02
6.332235038280487061e-02 1.215230394154787064e-02
6.346885859966278076e-02 1.192556414753198624e-02
6.325630843639373779e-02 1.202252227813005447e-02
6.331504881381988525e-02 1.194353681057691574e-02
6.342212855815887451e-02 1.174436043947935104e-02
6.331503391265869141e-02 1.183447521179914474e-02
6.311517208814620972e-02 1.193494629114866257e-02
6.316291540861129761e-02 1.178770978003740311e-02
6.323444098234176636e-02 1.155890524387359619e-02
6.315233558416366577e-02 1.168662682175636292e-02
6.328164786100387573e-02 1.129755284637212753e-02
6.313862651586532593e-02 1.132738497108221054e-02
6.333522498607635498e-02 1.156412623822689056e-02
6.333442032337188721e-02 1.174750830978155136e-02
6.329897791147232056e-02 1.199814397841691971e-02
6.342721730470657349e-02 1.230660174041986465e-02
6.350159645080566406e-02 1.230326294898986816e-02
6.344895064830780029e-02 1.259132940322160721e-02
6.350183486938476562e-02 1.269489713013172150e-02
6.331954896450042725e-02 1.266829296946525574e-02
6.314830482006072998e-02 1.271517388522624969e-02
6.323662400245666504e-02 1.306699682027101517e-02
6.328483670949935913e-02 1.307992450892925262e-02
6.346485018730163574e-02 1.280763279646635056e-02
6.338289380073547363e-02 1.276045851409435272e-02
6.327177584171295166e-02 1.274349354207515717e-02
6.337732821702957153e-02 1.267589814960956573e-02
6.359742581844329834e-02 1.280124019831418991e-02
6.349560618400573730e-02 1.251822989434003830e-02
6.364279240369796753e-02 1.285850629210472107e-02
6.355042755603790283e-02 1.242988556623458862e-02
6.366503983736038208e-02 1.274974551051855087e-02
6.377404183149337769e-02 1.214267499744892120e-02
6.350669264793395996e-02 1.261632516980171204e-02
6.358728557825088501e-02 1.206543296575546265e-02
6.359402090311050415e-02 1.214365102350711823e-02
6.376083195209503174e-02 1.163445413112640381e-02
6.365067511796951294e-02 1.150375232100486755e-02
6.353725492954254150e-02 1.120816078037023544e-02
6.359183788299560547e-02 1.154144667088985443e-02
6.367404758930206299e-02 1.170871220529079437e-02
6.346774101257324219e-02 1.163192745298147202e-02
6.366404891014099121e-02 1.156073622405529022e-02
6.359952688217163086e-02 1.161899231374263763e-02
6.351581960916519165e-02 1.148441713303327560e-02
6.347286701202392578e-02 1.171923708170652390e-02
6.345639377832412720e-02 1.188150141388177872e-02
6.334008276462554932e-02 1.176715642213821411e-02
6.317514926195144653e-02 1.179274637252092361e-02
6.335506588220596313e-02 1.139658037573099136e-02
6.338318437337875366e-02 1.171417348086833954e-02
6.315264105796813965e-02 1.203342899680137634e-02
6.241413205862045288e-02 1.234639994800090790e-02
6.278806179761886597e-02 1.196185126900672913e-02
6.297031044960021973e-02 1.213160809129476547e-02
6.292658299207687378e-02 1.252488233149051666e-02
6.303285062313079834e-02 1.217356603592634201e-02
6.318113207817077637e-02 1.219860091805458069e-02
6.333934515714645386e-02 1.217086799442768097e-02
6.343304365873336792e-02 1.257739402353763580e-02
6.346533447504043579e-02 1.236753538250923157e-02
6.339675933122634888e-02 1.250548101961612701e-02
6.334829330444335938e-02 1.243810262531042099e-02
6.343360990285873413e-02 1.276023779064416885e-02
6.326155364513397217e-02 1.258274726569652557e-02
6.331779807806015015e-02 1.262177433818578720e-02
6.305421888828277588e-02 1.234214380383491516e-02
6.328633427619934082e-02 1.201930455863475800e-02
6.339531391859054565e-02 1.179523020982742310e-02
6.321448087692260742e-02 1.222704350948333740e-02
6.299495697021484375e-02 1.215404551476240158e-02
6.320950388908386230e-02 1.200125738978385925e-02
6.296377629041671753e-02 1.231101527810096741e-02
6.291414797306060791e-02 1.223698630928993225e-02
6.286919116973876953e-02 1.236319541931152344e-02
6.294815242290496826e-02 1.245959941297769547e-02
6.310742348432540894e-02 1.239991933107376099e-02
6.274759769439697266e-02 1.262693852186203003e-02
6.249487027525901794e-02 1.270110998302698135e-02
6.246137246489524841e-02 1.258293725550174713e-02
6.270605325698852539e-02 1.217030733823776245e-02
6.271945685148239136e-02 1.232226844877004623e-02
6.301328539848327637e-02 1.255464553833007812e-02
6.280390173196792603e-02 1.254708413034677505e-02
6.300924718379974365e-02 1.239444315433502197e-02
6.288734823465347290e-02 1.217914931476116180e-02
6.300794333219528198e-02 1.222897320985794067e-02
6.321765482425689697e-02 1.170847937464714050e-02
6.301575899124145508e-02 1.182414684444665909e-02
6.302332878112792969e-02 1.181248575448989868e-02
6.329879909753799438e-02 1.178480871021747589e-02
6.302643567323684692e-02 1.197833474725484848e-02
6.312526762485504150e-02 1.175695657730102539e-02
6.312279403209686279e-02 1.198204234242439270e-02
6.303328275680541992e-02 1.213951874524354935e-02
6.308006495237350464e-02 1.185937598347663879e-02
6.330716609954833984e-02 1.190554723143577576e-02
6.313181668519973755e-02 1.189531665295362473e-02
6.338238716125488281e-02 1.190511789172887802e-02
6.340438872575759888e-02 1.191721577197313309e-02
6.341777741909027100e-02 1.199624501168727875e-02
6.334049999713897705e-02 1.209752168506383896e-02
6.332802027463912964e-02 1.207070797681808472e-02
6.331878155469894409e-02 1.189256180077791214e-02
6.331546604633331299e-02 1.188057847321033478e-02
6.332027912139892578e-02 1.203916035592556000e-02
6.346624344587326050e-02 1.189328730106353760e-02
6.333091855049133301e-02 1.208985596895217896e-02
6.328690797090530396e-02 1.237953267991542816e-02
6.337652355432510376e-02 1.226108241826295853e-02
6.346607208251953125e-02 1.208779960870742798e-02
6.342717260122299194e-02 1.221954636275768280e-02
6.360197812318801880e-02 1.224365178495645523e-02
6.349129974842071533e-02 1.223353669047355652e-02
6.366346031427383423e-02 1.232010964304208755e-02
6.364171952009201050e-02 1.219195313751697540e-02
6.366740912199020386e-02 1.211186125874519348e-02
6.369722634553909302e-02 1.229766756296157837e-02
6.348124891519546509e-02 1.207613665610551834e-02
6.359872967004776001e-02 1.213096641004085541e-02
6.359972804784774780e-02 1.216373313218355179e-02
6.360320746898651123e-02 1.209503039717674255e-02
6.355736404657363892e-02 1.222146395593881607e-02
6.356780230998992920e-02 1.188371796160936356e-02
6.355380266904830933e-02 1.191807910799980164e-02
6.363145262002944946e-02 1.200698129832744598e-02
6.369217485189437866e-02 1.201490033417940140e-02
6.365542858839035034e-02 1.188081689178943634e-02
6.376129388809204102e-02 1.179880369454622269e-02
6.368891894817352295e-02 1.192262209951877594e-02
6.375044584274291992e-02 1.161293406039476395e-02
6.338119506835937500e-02 1.162908319383859634e-02
6.361772119998931885e-02 1.164772268384695053e-02
6.360927224159240723e-02 1.180832087993621826e-02
6.352654844522476196e-02 1.166751142591238022e-02
6.283519417047500610e-02 1.237226277589797974e-02
6.291040778160095215e-02 1.236748788505792618e-02
6.294106692075729370e-02 1.242346316576004028e-02
6.292439252138137817e-02 1.229977700859308243e-02
6.283779442310333252e-02 1.229237485677003860e-02
6.272734701633453369e-02 1.227991003543138504e-02
6.314087659120559692e-02 1.193506643176078796e-02
6.297856569290161133e-02 1.215109415352344513e-02
6.293942779302597046e-02 1.208823081105947495e-02
6.284663081169128418e-02 1.228112634271383286e-02
6.275338679552078247e-02 1.190361101180315018e-02
6.293598562479019165e-02 1.219702139496803284e-02
6.303526461124420166e-02 1.224385946989059448e-02
6.307633221149444580e-02 1.201282721012830734e-02
6.292717903852462769e-02 1.193509530276060104e-02
6.320448219776153564e-02 1.192969828844070435e-02
6.305656582117080688e-02 1.187789719551801682e-02
6.301385164260864258e-02 1.210861001163721085e-02
6.313748657703399658e-02 1.193396002054214478e-02
6.302937120199203491e-02 1.191107463091611862e-02
6.311661005020141602e-02 1.207280717790126801e-02
6.316998600959777832e-02 1.210996601730585098e-02
6.313577294349670410e-02 1.197343878448009491e-02
6.329753994941711426e-02 1.201134547591209412e-02
6.327390670776367188e-02 1.205674745142459869e-02
6.335762888193130493e-02 1.194434240460395813e-02
6.328352540731430054e-02 1.200019381940364838e-02
6.320282816886901855e-02 1.195130217820405960e-02
6.313873082399368286e-02 1.193617004901170731e-02
6.332514435052871704e-02 1.207552105188369751e-02
6.344076246023178101e-02 1.196577213704586029e-02
6.317083537578582764e-02 1.194632239639759064e-02
6.322919577360153198e-02 1.227219868451356888e-02
6.331138312816619873e-02 1.223409175872802734e-02
6.355760991573333740e-02 1.176399923861026764e-02
6.350573152303695679e-02 1.186661887913942337e-02
6.352037191390991211e-02 1.184354722499847412e-02
6.357809901237487793e-02 1.164814829826354980e-02
6.369657814502716064e-02 1.166632492095232010e-02
6.365605443716049194e-02 1.159133389592170715e-02
6.356654316186904907e-02 1.176527142524719238e-02
6.340686976909637451e-02 1.190477795898914337e-02
6.390738487243652344e-02 1.135223172605037689e-02
6.372972577810287476e-02 1.156917307525873184e-02
6.384592503309249878e-02 1.166301779448986053e-02
6.375903636217117310e-02 1.156579051166772842e-02
6.372845917940139771e-02 1.152903679758310318e-02
6.382463127374649048e-02 1.127073261886835098e-02
6.395364552736282349e-02 1.161735039204359055e-02
6.365545839071273804e-02 1.180359721183776855e-02
6.375187635421752930e-02 1.149432547390460968e-02
6.375902146100997925e-02 1.142854988574981689e-02
6.372989714145660400e-02 1.162059511989355087e-02
6.368783861398696899e-02 1.131494250148534775e-02
6.369398534297943115e-02 1.121106930077075958e-02
6.364817172288894653e-02 1.159579586237668991e-02
6.358003616333007812e-02 1.167843490839004517e-02
6.336604058742523193e-02 1.197887118905782700e-02
6.345941126346588135e-02 1.215145178139209747e-02
6.342991441488265991e-02 1.199115533381700516e-02
6.342487782239913940e-02 1.180974952876567841e-02
6.335704773664474487e-02 1.187233254313468933e-02
6.345348805189132690e-02 1.181655004620552063e-02
6.346411257982254028e-02 1.190992817282676697e-02
6.309829652309417725e-02 1.207658834755420685e-02
6.345508992671966553e-02 1.137818209826946259e-02
6.326310336589813232e-02 1.170724350959062576e-02
6.280644983053207397e-02 1.221421360969543457e-02
6.324621289968490601e-02 1.183988526463508606e-02
6.327875703573226929e-02 1.231297105550765991e-02
6.326175481081008911e-02 1.231921836733818054e-02
6.347547471523284912e-02 1.165927574038505554e-02
6.333460658788681030e-02 1.198815647512674332e-02
6.344249099493026733e-02 1.221402268856763840e-02
6.285315752029418945e-02 1.250824425369501114e-02
6.324995309114456177e-02 1.235632598400115967e-02
6.330665946006774902e-02 1.222604792565107346e-02
6.325973570346832275e-02 1.234582439064979553e-02
6.354328244924545288e-02 1.229734532535076141e-02
6.352405995130538940e-02 1.230274979025125504e-02
6.359159201383590698e-02 1.226039323955774307e-02
6.368870288133621216e-02 1.201429683715105057e-02
6.325533986091613770e-02 1.240863278508186340e-02
6.364665180444717407e-02 1.189988106489181519e-02
6.355705857276916504e-02 1.199498400092124939e-02
6.369219720363616943e-02 1.170608308166265488e-02
6.356353312730789185e-02 1.153720542788505554e-02
6.359057873487472534e-02 1.181990373879671097e-02
6.363575160503387451e-02 1.159474812448024750e-02
6.340349465608596802e-02 1.195844635367393494e-02
6.346508115530014038e-02 1.192059181630611420e-02
6.326563656330108643e-02 1.223408710211515427e-02
6.329938024282455444e-02 1.175166293978691101e-02
6.332841515541076660e-02 1.195045467466115952e-02
6.338495761156082153e-02 1.189889851957559586e-02
6.317534297704696655e-02 1.202645432204008102e-02
6.332697719335556030e-02 1.178755052387714386e-02
6.325879693031311035e-02 1.197947002947330475e-02
6.333126127719879150e-02 1.193379703909158707e-02
6.344210356473922729e-02 1.206291932612657547e-02
6.324248760938644409e-02 1.196420937776565552e-02
6.321554630994796753e-02 1.214026194065809250e-02
6.314370781183242798e-02 1.206824276596307755e-02
6.320840865373611450e-02 1.192267332226037979e-02
6.307356059551239014e-02 1.239245943725109100e-02
6.336794793605804443e-02 1.182619854807853699e-02
6.322362273931503296e-02 1.208031270653009415e-02
6.304532289505004883e-02 1.261872518807649612e-02
6.343483179807662964e-02 1.218610722571611404e-02
6.347143650054931641e-02 1.203254610300064087e-02
6.332766264677047729e-02 1.171288173645734787e-02
6.322494149208068848e-02 1.216956973075866699e-02
6.341252475976943970e-02 1.174691319465637207e-02
6.338515132665634155e-02 1.201045326888561249e-02
6.328362971544265747e-02 1.203366555273532867e-02
6.355953216552734375e-02 1.170957460999488831e-02
6.364516913890838623e-02 1.185210142284631729e-02
6.341648101806640625e-02 1.202995143830776215e-02
6.339462101459503174e-02 1.207527611404657364e-02
6.363289058208465576e-02 1.177119370549917221e-02
6.371177732944488525e-02 1.167061738669872284e-02
6.341134011745452881e-02 1.194324344396591187e-02
6.332004070281982422e-02 1.203366089612245560e-02
6.244463473558425903e-02 1.255547907203435898e-02
6.353222578763961792e-02 1.174692343920469284e-02
5.342015624046325684e-02 1.967803016304969788e-02
5.674782767891883850e-02 1.702312007546424866e-02
4.901612922549247742e-02 2.261441014707088470e-02
4.886643588542938232e-02 2.295558713376522064e-02
4.983837902545928955e-02 2.209017798304557800e-02
5.587604641914367676e-02 1.728699542582035065e-02
5.496339872479438782e-02 1.807835139334201813e-02
5.482454970479011536e-02 1.829598285257816315e-02
5.251108855009078979e-02 2.015677094459533691e-02
5.816102772951126099e-02 1.531393360346555710e-02
5.349745228886604309e-02 1.922647096216678619e-02
5.486300215125083923e-02 1.812508143484592438e-02
5.832571163773536682e-02 1.507909595966339111e-02
5.865313112735748291e-02 1.495399978011846542e-02
6.197934597730636597e-02 1.237753033638000488e-02
6.290801614522933960e-02 1.170102506875991821e-02
6.099444627761840820e-02 1.342024747282266617e-02
6.004144996404647827e-02 1.400704681873321533e-02
6.299879401922225952e-02 1.127769052982330322e-02
6.286492943763732910e-02 1.172929443418979645e-02
6.140013039112091064e-02 1.281063538044691086e-02
6.037288159132003784e-02 1.408577803522348404e-02
5.912074446678161621e-02 1.499390881508588791e-02
6.172486022114753723e-02 1.254810951650142670e-02
6.055105105042457581e-02 1.379003655165433884e-02
5.978652462363243103e-02 1.439255196601152420e-02
6.220200657844543457e-02 1.239463314414024353e-02
6.142691522836685181e-02 1.336558442562818527e-02
4.818409308791160583e-02 2.349138073623180389e-02
5.463368445634841919e-02 1.898628473281860352e-02
5.607078596949577332e-02 1.762025430798530579e-02
5.065163597464561462e-02 2.182235196232795715e-02
5.636700987815856934e-02 1.766974851489067078e-02
5.040273442864418030e-02 2.218953706324100494e-02
6.044035032391548157e-02 1.443007774651050568e-02
6.068050116300582886e-02 1.417620573192834854e-02
6.017717346549034119e-02 1.456725969910621643e-02
5.997424200177192688e-02 1.480260957032442093e-02
5.421183258295059204e-02 1.926717534661293030e-02
6.127899885177612305e-02 1.362816058099269867e-02
6.041656807065010071e-02 1.428614277392625809e-02
6.301425397396087646e-02 1.248633395880460739e-02
6.210330128669738770e-02 1.302790362387895584e-02
6.232597306370735168e-02 1.287199929356575012e-02
6.301814317703247070e-02 1.181470602750778198e-02
6.332624703645706177e-02 1.146155130118131638e-02
6.341264396905899048e-02 1.146814413368701935e-02
6.317813694477081299e-02 1.141690369695425034e-02
6.325756758451461792e-02 1.156281679868698120e-02
6.327096372842788696e-02 1.175312418490648270e-02
6.326449662446975708e-02 1.184468995779752731e-02
6.326504051685333252e-02 1.197213865816593170e-02
6.344278156757354736e-02 1.184105407446622849e-02
6.245071440935134888e-02 1.301906164735555649e-02
5.768537521362304688e-02 1.660975255072116852e-02
5.935792252421379089e-02 1.517041958868503571e-02
6.175545603036880493e-02 1.334372349083423615e-02
6.175609305500984192e-02 1.304998248815536499e-02
6.210251897573471069e-02 1.273261196911334991e-02
5.863404646515846252e-02 1.556742098182439804e-02
5.777172744274139404e-02 1.630912348628044128e-02
6.258314102888107300e-02 1.224870607256889343e-02
6.335049122571945190e-02 1.167232915759086609e-02
6.347084790468215942e-02 1.164892781525850296e-02
6.353253871202468872e-02 1.148976385593414307e-02
6.350233405828475952e-02 1.155387330800294876e-02
6.325981765985488892e-02 1.181337051093578339e-02
6.264672428369522095e-02 1.199298352003097534e-02
6.352431327104568481e-02 1.169144548475742340e-02
6.288395822048187256e-02 1.173166465014219284e-02
6.330038607120513916e-02 1.166176702827215195e-02
6.345506012439727783e-02 1.164614595472812653e-02
6.342286616563796997e-02 1.159279327839612961e-02
6.375824660062789917e-02 1.110667735338211060e-02
6.368062645196914673e-02 1.119549199938774109e-02
6.380051374435424805e-02 1.132467389106750488e-02
6.359356641769409180e-02 1.150471065193414688e-02
6.385116279125213623e-02 1.148683484643697739e-02
6.365755200386047363e-02 1.165140327066183090e-02
6.361987441778182983e-02 1.140736415982246399e-02
6.366487592458724976e-02 1.157722249627113342e-02
6.330407410860061646e-02 1.176168210804462433e-02
5.316147953271865845e-02 1.986874453723430634e-02
5.812346562743186951e-02 1.598173566162586212e-02
5.834659934043884277e-02 1.584986783564090729e-02
6.048690900206565857e-02 1.394527591764926910e-02
6.281746923923492432e-02 1.187246479094028473e-02
6.320078670978546143e-02 1.153280213475227356e-02
5.928827077150344849e-02 1.494262367486953735e-02
6.260377168655395508e-02 1.223944686353206635e-02
6.170324236154556274e-02 1.283027976751327515e-02
6.291209161281585693e-02 1.181766111403703690e-02
6.270823627710342407e-02 1.187589764595031738e-02
6.315920501947402954e-02 1.166581921279430389e-02
6.313274055719375610e-02 1.194230280816555023e-02
6.211524084210395813e-02 1.288456656038761139e-02
6.222746521234512329e-02 1.248128339648246765e-02
6.293871998786926270e-02 1.212623249739408493e-02
6.319396942853927612e-02 1.193617936223745346e-02
6.349233537912368774e-02 1.181227527558803558e-02
6.238511577248573303e-02 1.257547363638877869e-02
6.319712847471237183e-02 1.218776870518922806e-02
6.312284618616104126e-02 1.222620159387588501e-02
6.337668746709823608e-02 1.204820815473794937e-02
6.311332434415817261e-02 1.216363627463579178e-02
6.208984181284904480e-02 1.311928685754537582e-02
6.263057142496109009e-02 1.275459304451942444e-02
6.109838187694549561e-02 1.374597381800413132e-02
5.606030672788619995e-02 1.789342798292636871e-02
5.603097751736640930e-02 1.793652959167957306e-02
5.218712612986564636e-02 2.103048935532569885e-02
5.517134815454483032e-02 1.825847290456295013e-02
5.265514552593231201e-02 2.018640749156475067e-02
6.194260343909263611e-02 1.261698454618453979e-02
5.997489392757415771e-02 1.416873373091220856e-02
6.324125826358795166e-02 1.163670141249895096e-02
6.198404729366302490e-02 1.267951074987649918e-02
6.025537475943565369e-02 1.394285075366497040e-02
6.247794255614280701e-02 1.234150771051645279e-02
6.238552927970886230e-02 1.260581891983747482e-02
5.725703015923500061e-02 1.655596867203712463e-02
6.339018791913986206e-02 1.175418496131896973e-02
6.324553489685058594e-02 1.185583975166082382e-02
6.340393424034118652e-02 1.179002597928047180e-02
6.338057667016983032e-02 1.184394210577011108e-02
6.348788738250732422e-02 1.167387701570987701e-02
6.353887915611267090e-02 1.167520321905612946e-02
6.352573633193969727e-02 1.192526519298553467e-02
6.346059590578079224e-02 1.199284102767705917e-02
6.333623826503753662e-02 1.187190227210521698e-02
6.229479983448982239e-02 1.283117942512035370e-02
6.201159954071044922e-02 1.292144693434238434e-02
4.937306046485900879e-02 2.273058518767356873e-02
4.790277406573295593e-02 2.438822016119956970e-02
4.418756812810897827e-02 2.693431638181209564e-02
5.410397052764892578e-02 1.921045221388339996e-02
5.440977215766906738e-02 1.886955834925174713e-02
6.016560643911361694e-02 1.433658134192228317e-02
5.953883007168769836e-02 1.480395719408988953e-02
5.930032581090927124e-02 1.496127992868423462e-02
6.200493499636650085e-02 1.300820708274841309e-02
6.082252785563468933e-02 1.361891906708478928e-02
6.287233531475067139e-02 1.253029424697160721e-02
5.428931117057800293e-02 1.895827986299991608e-02
6.340627372264862061e-02 1.173149421811103821e-02
6.327947974205017090e-02 1.219023391604423523e-02
6.310817599296569824e-02 1.215612329542636871e-02
6.339513510465621948e-02 1.182714477181434631e-02
6.317090243101119995e-02 1.187361031770706177e-02
6.307717412710189819e-02 1.206224970519542694e-02
6.347584724426269531e-02 1.169708650559186935e-02
6.348440051078796387e-02 1.177318859845399857e-02
6.337826699018478394e-02 1.206747163087129593e-02
6.352423876523971558e-02 1.204236689954996109e-02
6.344497948884963989e-02 1.209990493953227997e-02
