3.346066188150387949e-02 3.149205029088487234e-02
3.332004697594769665e-02 3.131719816086165481e-02
3.326381557788743448e-02 3.120279874728593833e-02
3.328000156359077477e-02 3.122725488847126821e-02
3.333414362855208202e-02 3.096299378275137182e-02
3.341528307294515387e-02 3.096141898069740273e-02
3.344653297968317590e-02 3.097767903556855607e-02
3.328151290750939323e-02 3.089276518450867828e-02
3.323636234017846025e-02 3.106456737090537018e-02
3.322040813271374959e-02 3.105538050544190062e-02
3.325846345633421547e-02 3.094301674562441318e-02
3.334006416855046784e-02 3.109991334423561210e-02
3.351000734367060724e-02 3.132672832443439415e-02
3.359555619220289807e-02 3.121656396117028498e-02
3.353248109431951340e-02 3.139174108007027064e-02
3.349510945408513962e-02 3.149285423263893657e-02
3.346535819963866731e-02 3.164247457580932760e-02
3.336065518914436284e-02 3.174940090969492756e-02
3.341814493081968901e-02 3.171727673710530299e-02
3.342750011638643409e-02 3.178354554770218554e-02
3.339462068795642086e-02 3.178931295593788453e-02
3.341293969924533785e-02 3.184308821207092882e-02
3.344187785732149337e-02 3.189623283998022779e-02
3.347430995791216002e-02 3.192085418037693412e-02
3.367300424565376760e-02 3.189589141440610232e-02
3.369139295686184726e-02 3.180968572215808060e-02
3.373923373301267875e-02 3.185738252116247782e-02
3.387012664417385355e-02 3.204482745001202559e-02
3.392200502220859420e-02 3.207781527742077643e-02
3.390562574926676842e-02 3.200528283677570723e-02
3.382698135391996180e-02 3.202179443553419824e-02
3.372836928412191460e-02 3.184212427259200395e-02
3.351441321079900310e-02 3.170963762596598623e-02
3.330816053898861401e-02 3.180044205646197913e-02
3.302007163165307513e-02 3.187365651601746508e-02
3.298360629842716357e-02 3.196145323895734774e-02
3.302339954271837213e-02 3.190703154208158338e-02
3.306524695805976299e-02 3.173972739315414349e-02
3.305033679296614374e-02 3.154095050580684595e-02
3.310343107048607791e-02 3.158253326951491330e-02
3.318811564002085296e-02 3.153202309049019797e-02
3.323169327783295768e-02 3.163473850896156986e-02
3.322694265617907178e-02 3.182117476554825047e-02
3.324099520017790438e-02 3.174798839401989092e-02
3.337525056027475928e-02 3.172623099209231912e-02
3.329920503564484657e-02 3.182262057073691197e-02
3.326133530106283737e-02 3.184152339687105343e-02
3.318491402104787463e-02 3.178902084045582416e-02
3.303834403762292288e-02 3.178833341199945040e-02
3.290894062413705218e-02 3.167926219313903224e-02
3.281608576766115865e-02 3.168793556785482607e-02
3.275640661628653749e-02 3.179453067107984587e-02
3.278461344536022504e-02 3.159357456894681254e-02
3.280411444244232810e-02 3.162547008418971350e-02
3.277452963556398702e-02 3.171246411373229018e-02
3.277620597063451990e-02 3.170469288483576675e-02
3.286217822016824358e-02 3.187146710631817009e-02
3.291095006240330606e-02 3.192234097327924930e-02
3.290546041354691642e-02 3.213526236690676663e-02
3.297144834387257667e-02 3.221872000980496864e-02
3.321360874955564535e-02 3.229426556755210509e-02
3.332392728487973410e-02 3.223568580236499392e-02
3.322378410551434652e-02 3.238959029787959187e-02
3.317164419673818143e-02 3.235656751648152696e-02
3.316746719501595386e-02 3.228014810900170506e-02
3.322424620557535430e-02 3.227546718726696795e-02
3.313347319205784541e-02 3.217226844666964264e-02
3.304117281404328477e-02 3.213953611627796969e-02
3.319948504922142635e-02 3.213270323554677510e-02
3.319777771329134042e-02 3.230035505183214556e-02
3.321999118155558040e-02 3.238110625727255026e-02
3.321646852683556722e-02 3.249674674552813225e-02
3.339510879544996258e-02 3.255717241424581354e-02
3.348206495817079853e-02 3.267876506753772392e-02
3.357086015846000304e-02 3.281556624318912596e-02
3.372175798671579044e-02 3.299533315378030268e-02
3.382818456177808658e-02 3.305568579362746368e-02
3.391842327860189465e-02 3.314374446342769481e-02
3.380690049512238837e-02 3.333182480586857621e-02
3.392412161109682051e-02 3.338340253798338653e-02
3.378252216817514975e-02 3.341138840791037234e-02
3.371059767727267731e-02 3.348691940149530616e-02
3.362901277757539970e-02 3.349030536114998985e-02
3.366192674387579603e-02 3.359302244409704402e-02
3.355873403700281032e-02 3.369960111062471342e-02
3.343214941308322169e-02 3.359314499111908103e-02
3.335282133435032992e-02 3.364278964278951539e-02
3.327034053061758700e-02 3.364174289564544201e-02
3.329967441778697301e-02 3.362888690160200506e-02
3.314442398562458120e-02 3.368814702122385069e-02
3.309549006507005176e-02 3.364164510769916683e-02
3.314223540816313429e-02 3.339930181775061652e-02
3.328806969333694687e-02 3.348011232013716615e-02
3.342622242324157222e-02 3.341773505368317299e-02
3.356190964854326858e-02 3.335071265172158406e-02
3.367302276294572433e-02 3.343983138447133990e-02
3.375492869839002985e-02 3.338653632957234996e-02
3.396488337217508369e-02 3.325063189019424048e-02
3.418788732724208079e-02 3.299396162581891279e-02
3.433369185991309858e-02 3.271773918173427609e-02
3.449291851641864831e-02 3.278981368350752934e-02
3.450638204408576493e-02 3.276116597643775885e-02
3.449675804569649062e-02 3.267062619757508946e-02
3.435725355347919036e-02 3.259124693621499175e-02
3.442544649796365486e-02 3.258664944632377880e-02
3.437000593391146414e-02 3.238052681167599700e-02
3.436016076831603649e-02 3.250672652559428999e-02
3.436294252329841203e-02 3.260375838379240415e-02
3.434094689328895389e-02 3.269204363034475258e-02
3.431961247624389783e-02 3.282573827019646950e-02
3.438358264592489971e-02 3.275914467878227737e-02
3.438996819881674771e-02 3.295598661315005812e-02
3.432052273638211415e-02 3.289461947537514197e-02
3.434740963624052096e-02 3.293667869524698893e-02
3.416703560814459556e-02 3.290927622404629660e-02
3.411094277768480371e-02 3.292197138812703178e-02
3.400494646958612810e-02 3.294386506900099515e-02
3.389957496404632370e-02 3.293610965262343954e-02
3.363569502325743782e-02 3.295553699665665359e-02
3.350228688128235877e-02 3.292983145841304332e-02
3.335129438597219526e-02 3.303777145798855730e-02
3.333636528746769523e-02 3.304625737113073974e-02
3.352499012151582275e-02 3.321338550175488569e-02
3.345918507545565107e-02 3.314709838192551189e-02
3.357303333952139923e-02 3.312853344435467279e-02
3.367807902394659436e-02 3.307926829313957012e-02
3.379206543949388186e-02 3.302694841293036393e-02
3.385320204738693356e-02 3.288531568049506831e-02
3.397498257837137242e-02 3.279086396766241890e-02
3.408111932660565918e-02 3.274949300848480072e-02
3.402728622994268676e-02 3.260107212810223892e-02
3.397656487056590485e-02 3.254607119368937984e-02
3.381067115671890916e-02 3.247445171795550201e-02
3.380836960297058796e-02 3.253610119241785725e-02
3.378192150051365777e-02 3.261114532686600759e-02
3.366786205609584998e-02 3.274955542632284472e-02
3.354730241802364454e-02 3.252675432922952359e-02
3.345747773952555820e-02 3.276716349843639825e-02
3.341838523949617473e-02 3.284428260988075249e-02
3.346415083059135070e-02 3.279699090264528993e-02
3.356769869496283032e-02 3.289182149175488845e-02
3.373356660943676449e-02 3.282826848129150044e-02
3.378484265533434477e-02 3.249455691970992016e-02
3.384103764298907607e-02 3.246878209766607820e-02
3.382627790488514780e-02 3.220276871517269157e-02
3.373616943328339862e-02 3.210990740885353439e-02
3.384784680494180853e-02 3.204459671207070259e-02
3.390025386206482749e-02 3.192518264938615236e-02
3.389801389391671610e-02 3.190769317116489562e-02
3.377294581540225132e-02 3.184166862237424594e-02
3.383317153897871798e-02 3.171479209103204855e-02
3.367346031199044271e-02 3.166810666906350741e-02
3.360797921450973946e-02 3.178389508759526388e-02
3.360022879155923070e-02 3.183096812433809653e-02
3.362021539942135206e-02 3.192359786047810344e-02
3.371245918526275670e-02 3.190474434443602014e-02
3.369790521796493105e-02 3.200016665465031662e-02
3.366846979777898818e-02 3.200126749725403646e-02
3.380225910468508121e-02 3.198506278619928089e-02
3.392116924735711497e-02 3.198109696482912684e-02
3.388324042388842633e-02 3.191343228331401660e-02
3.392641130545591410e-02 3.183522793372545873e-02
3.393311622961910773e-02 3.193190817143590210e-02
3.401252295482794230e-02 3.187734353771099621e-02
3.397274552305570156e-02 3.180736107380967986e-02
3.409894024354695463e-02 3.181170972458653712e-02
3.405652149692795644e-02 3.188651604707171822e-02
3.418436342416530244e-02 3.190324922915529354e-02
3.413724669493583413e-02 3.191574319973804197e-02
3.417272873915302295e-02 3.207117048244156887e-02
3.420435419321663645e-02 3.209117456729834728e-02
3.427673662299092483e-02 3.225637377866732297e-02
3.445038429679925934e-02 3.248739613726950998e-02
3.445717951876816482e-02 3.237602274048239498e-02
3.459558961822500889e-02 3.244853541547875614e-02
3.468851708745249868e-02 3.243599130256610147e-02
3.482716354245608825e-02 3.236303150778985921e-02
3.478802006785897127e-02 3.230587174841835496e-02
3.483186735073143941e-02 3.220600903320526565e-02
3.469235994568169862e-02 3.212151671061167640e-02
3.461861951181092328e-02 3.232136843313017371e-02
3.460246660756175624e-02 3.227206187808250026e-02
3.442621236483651287e-02 3.209995800546856792e-02
3.439722073547909348e-02 3.213586677963854027e-02
3.413671239824214720e-02 3.209046966184731647e-02
3.379758463279361469e-02 3.215485595044863948e-02
3.362211186140073166e-02 3.213914454837393797e-02
3.349681470942063310e-02 3.216248986010146471e-02
3.344546168152279231e-02 3.232901836336141838e-02
3.337443829614228363e-02 3.224238386056599986e-02
3.338549790480667412e-02 3.204863368977622917e-02
3.343897397143600486e-02 3.203607834165272950e-02
3.342057402501708019e-02 3.201002804888363612e-02
3.331521209021243851e-02 3.196211029073254412e-02
3.345427632861203149e-02 3.202433671407792920e-02
3.359943358830248805e-02 3.218425267157500047e-02
3.364838873092194926e-02 3.220289625562177543e-02
3.373051833028593155e-02 3.217946127026691944e-02
3.375179261814700155e-02 3.187707326847224326e-02
3.390230636863933444e-02 3.182421597067744412e-02
3.389631113529475298e-02 3.190713057838462374e-02
3.373168991310610682e-02 3.175385941586675309e-02
3.374722196792614981e-02 3.167986140438430048e-02
3.378224149596339987e-02 3.183635457570224009e-02
3.371839033629359800e-02 3.160511000959660005e-02
3.367542439329437171e-02 3.155590457144655941e-02
3.358874515771502478e-02 3.158342771713414793e-02
3.363539021614830177e-02 3.151024051336795417e-02
3.347435073756635515e-02 3.162859180832999079e-02
3.335553401359193232e-02 3.164162902216322709e-02
3.333724662734095096e-02 3.159148128271811740e-02
3.340727319984782007e-02 3.167763849711192209e-02
3.346173297160479759e-02 3.166105054053155315e-02
3.346684998596803629e-02 3.146246319535246638e-02
3.354529422811415584e-02 3.165822821395444797e-02
3.366013223103189039e-02 3.156402866918751882e-02
3.374717473842869103e-02 3.150535943843253694e-02
3.361123596923966395e-02 3.161048231291745114e-02
3.371796443857864867e-02 3.160224856784098202e-02
3.375235000944077496e-02 3.168784714258425506e-02
3.362254233642381074e-02 3.151725690254300605e-02
3.366010788807505955e-02 3.152020052778538306e-02
3.351972288822235857e-02 3.156462413536250539e-02
3.349869993618916075e-02 3.160707055388970593e-02
3.349016616937113694e-02 3.149972643660810256e-02
3.338607298115457006e-02 3.132480689531979418e-02
3.341758212997994471e-02 3.133603732080098014e-02
3.340930448435738137e-02 3.133558874460486837e-02
3.336423818110782064e-02 3.132170472876876638e-02
3.343577193634410943e-02 3.138549846402755722e-02
3.358697207499551640e-02 3.165448480814720550e-02
3.347063895679705525e-02 3.164517165059142073e-02
3.363323638461669651e-02 3.157477119523462855e-02
3.356890335923717189e-02 3.163613999748522004e-02
3.357810811781421906e-02 3.167970369531349778e-02
3.364926050006003533e-02 3.178022658319367560e-02
3.352205190581940969e-02 3.188727463186347838e-02
3.356476651299075686e-02 3.171089825823511510e-02
3.359154314133528524e-02 3.166303730031664460e-02
3.362501200221593850e-02 3.153732527777297623e-02
3.369205271341001867e-02 3.144879722583061865e-02
3.379983916510393566e-02 3.158490077811210162e-02
3.368466514615803264e-02 3.168638552487661186e-02
3.373687433873443636e-02 3.186277042894283817e-02
3.359352033038521396e-02 3.191450025252302869e-02
3.334596577513797289e-02 3.177352956528996936e-02
3.330758671099749019e-02 3.168516796091574300e-02
3.327361288980702075e-02 3.174147987798708881e-02
3.326930689121950641e-02 3.179466590972895856e-02
3.327246773053829654e-02 3.173802733930514847e-02
3.333304236982944507e-02 3.169078910335094978e-02
3.336371241485199673e-02 3.169146883360730860e-02
3.346386870196337709e-02 3.165817182984075051e-02
3.350126863828432888e-02 3.162181343917735976e-02
3.351110818627432708e-02 3.145680460221443597e-02
3.364077188214486397e-02 3.167517715369820575e-02
3.370971550516158738e-02 3.156696209951635052e-02
3.367692762289404423e-02 3.181353336575486190e-02
3.360554096569608878e-02 3.189673634387382717e-02
3.353089609735199206e-02 3.215170780275692503e-02
3.331595631890144071e-02 3.224198833953223486e-02
3.321171041504111104e-02 3.216199863171601697e-02
3.311012725615194302e-02 3.240312768665505605e-02
3.304201046142990483e-02 3.229569285544882373e-02
3.312968526152613308e-02 3.246506657182649663e-02
3.324169532026134688e-02 3.247362717831488166e-02
3.342369054767085901e-02 3.278057896436820801e-02
3.348742207315105746e-02 3.273835288080931966e-02
3.375324154422756906e-02 3.288076937323104743e-02
3.388095988414558529e-02 3.292934376703841176e-02
3.400252340911307652e-02 3.292500905624538843e-02
3.431544379690008861e-02 3.316300806466574574e-02
3.458629393766387422e-02 3.284325854121782767e-02
3.463335615531477896e-02 3.290074911513099498e-02
3.468846923377666425e-02 3.292515698652156986e-02
3.470244084264549611e-02 3.307599260499877875e-02
3.455701518625142743e-02 3.290971876651806183e-02
3.459217161741345858e-02 3.279796108390802684e-02
3.458802540849133939e-02 3.274768663625167442e-02
3.437824529659334882e-02 3.270644696259341483e-02
3.445991737320443921e-02 3.278193655234577092e-02
3.444152824587744244e-02 3.261851292040982009e-02
3.433876663820591146e-02 3.273575525844919787e-02
3.453865102605965104e-02 3.264292370463284243e-02
3.452200481283043687e-02 3.264536028897080389e-02
3.469260046241764983e-02 3.234701737920061410e-02
3.485206763565915078e-02 3.234198774981064672e-02
3.494257079605682381e-02 3.242819510653435766e-02
3.481739078155279138e-02 3.239640466131882973e-02
3.499708611968966460e-02 3.238536481830315422e-02
3.494096665761897702e-02 3.232206314366765226e-02
3.468226552485299818e-02 3.218168833872849660e-02
3.460296262131478534e-02 3.214145380032228799e-02
3.440458063082287715e-02 3.218358126369706002e-02
3.449917881751547732e-02 3.207675063716312197e-02
3.438110715446789784e-02 3.209191359450084408e-02
3.434619248839856920e-02 3.212954468488204984e-02
3.425648265872249104e-02 3.194522584942144361e-02
3.446618682891751384e-02 3.190785941067356135e-02
3.452879108824255527e-02 3.165272254451963196e-02
3.463344999013130004e-02 3.154546768474643381e-02
3.480746925813548581e-02 3.146454150130002791e-02
3.487114044637223964e-02 3.125934306677428248e-02
3.498316964657778583e-02 3.118346919119900640e-02
3.509678550822652177e-02 3.108596233325334329e-02
3.495487917760111557e-02 3.101469073293686152e-02
3.474576984940268981e-02 3.074681376185879611e-02
3.450356242228164172e-02 3.081136004818499016e-02
3.400319398475318278e-02 3.058872581477870695e-02
3.360808886184524918e-02 3.053184360672705697e-02
3.324362028638676997e-02 3.035445273517093853e-02
3.296247141040440504e-02 3.014756194499623038e-02
3.309684286768003331e-02 3.013398585716117392e-02
3.325153278765674569e-02 3.015975152458877026e-02
3.334969357648570609e-02 3.010144889460258932e-02
3.369497802941990444e-02 3.001614160310353899e-02
3.399124325742090835e-02 3.021002493194782298e-02
3.440382599916087109e-02 3.010827386907430001e-02
3.476148166759632924e-02 3.006197543770165043e-02
3.486636839459395648e-02 3.014600295546123257e-02
3.493320874452790492e-02 3.015058733760645274e-02
3.483650624445522315e-02 3.037508911272714801e-02
3.435936931012958245e-02 3.032306571724866992e-02
3.407566296726290134e-02 3.005398470607464900e-02
3.381729077650343779e-02 2.996832350543386994e-02
3.356730795929664668e-02 3.002194500562585869e-02
3.359143994384304610e-02 3.002452889606160857e-02
3.350627101188501100e-02 2.984982428019564843e-02
3.353406463487081102e-02 2.987958281672322552e-02
3.373282945476941547e-02 2.975615237421970136e-02
3.398940588432821513e-02 2.982358735809079175e-02
3.431056979598632456e-02 2.966357798189610609e-02
3.468736963952970265e-02 2.952398173545687371e-02
3.470906295914354123e-02 2.954750223324986366e-02
3.471991908565590090e-02 2.963083732912601825e-02
3.467652079509845470e-02 2.958938439452109270e-02
3.441677312324786103e-02 2.936942455741574365e-02
3.433526832644274301e-02 2.949374653470607233e-02
3.414302825121483254e-02 2.940722771297049967e-02
3.401141711879717561e-02 2.939933539346815602e-02
3.393824718396617340e-02 2.930862812674005571e-02
3.397106440261759425e-02 2.946106829977403196e-02
3.405816599890107432e-02 2.970227787372415815e-02
3.410588214743526941e-02 2.965040199240293745e-02
3.405255546749833689e-02 2.962118961195829223e-02
3.397895172869288410e-02 2.959611074880869400e-02
3.387143762683232640e-02 2.934836644333378708e-02
3.356287337996273490e-02 2.917082306419337134e-02
3.344225548524169117e-02 2.921293866817891577e-02
3.325757483437986189e-02 2.943935812734392587e-02
3.316864730827399216e-02 2.961190870361882568e-02
3.293830800887951465e-02 2.959251631357492224e-02
3.278309461130103630e-02 2.957780234855222901e-02
3.270575287623431193e-02 2.956147509047545030e-02
3.258044760993526051e-02 2.951845442783820189e-02
3.257947930120766444e-02 2.945266602653483917e-02
3.266643317527443552e-02 2.997135597206573854e-02
3.285046384838271466e-02 3.018030946372849549e-02
3.283464259091303794e-02 3.052590995898268530e-02
3.284323274184477309e-02 3.041335707311590766e-02
3.271863217293728698e-02 3.041249321023731592e-02
3.254140462805740069e-02 3.046599694877484554e-02
3.242953937870646230e-02 3.041241747659381017e-02
3.239741125298709751e-02 3.039417128611594798e-02
3.245274653895244277e-02 3.040853071781852296e-02
3.251403981561899748e-02 3.068874478264637523e-02
3.251040834580132266e-02 3.046610493163467298e-02
3.247528000266641096e-02 3.025890454898324394e-02
3.255760392956618537e-02 2.996299447848072700e-02
3.266617434930599306e-02 2.997519425298681567e-02
3.268601385912978108e-02 3.009441003500583009e-02
3.286135680141951537e-02 2.989556136714478438e-02
3.275487862761110314e-02 2.989886035794511732e-02
3.278079076889865023e-02 3.011321881826397803e-02
3.274522133970820398e-02 3.009542515711196436e-02
3.263628910456717325e-02 2.982096684919004898e-02
3.267276900195530132e-02 2.973269221367016296e-02
3.266230277887129108e-02 2.974772450966689519e-02
3.263418208641411661e-02 2.967024004581050520e-02
3.271766199167455702e-02 2.962709517167554096e-02
3.281486966011650658e-02 2.943625804138751134e-02
3.284954131273635364e-02 2.984007648642758234e-02
3.292502091563462296e-02 3.016432591987989673e-02
3.285528666666928665e-02 3.035457320159837269e-02
3.287914838197693312e-02 3.059024402465950615e-02
3.285539028028044289e-02 3.074062981858384155e-02
3.288951868964980901e-02 3.098484605979277481e-02
3.313843395376650514e-02 3.126477404286290285e-02
3.344624398509300073e-02 3.149920483154147050e-02
3.360504370358630838e-02 3.158491118108510548e-02
3.384180538239707492e-02 3.178420946543956266e-02
3.390947152032840889e-02 3.146576717957984271e-02
3.403567456319805951e-02 3.138566116652540677e-02
3.425741663763916256e-02 3.142457369512174220e-02
3.436163382929399018e-02 3.156537751866775321e-02
3.451149593755709066e-02 3.180141098936795779e-02
3.445428978092596878e-02 3.180612707315146059e-02
3.431592399813413602e-02 3.187649944048111944e-02
3.426706851599609777e-02 3.172596758881575385e-02
3.427174277982810574e-02 3.181209151369593369e-02
3.410477735170180935e-02 3.174749009161279695e-02
3.417335000470107104e-02 3.211978628008150399e-02
3.412642781106685341e-02 3.206448365945140794e-02
3.402173041817797144e-02 3.186123328565116514e-02
3.403218998335925255e-02 3.158899746888269022e-02
3.407535795209429980e-02 3.148096134583658334e-02
3.429159997470600935e-02 3.137534765908515239e-02
3.446095995915932075e-02 3.106057512598377549e-02
3.455623184238391932e-02 3.119430534400318214e-02
3.451286455268604003e-02 3.124292447059448530e-02
3.453653277269574245e-02 3.136204995480778440e-02
3.465402852715759180e-02 3.135058837526635833e-02
3.475020130784470251e-02 3.133067916552341459e-02
3.479988174574228516e-02 3.127523568863879028e-02
3.484266813342738744e-02 3.107770549357678422e-02
3.467791084035180132e-02 3.077467708476374492e-02
3.456842953629539472e-02 3.055661516605399225e-02
3.448473886680181871e-02 3.066952383359764986e-02
3.417552339382191884e-02 3.050507134763119632e-02
3.408761182206002105e-02 3.042554831718412636e-02
3.391773647432390348e-02 2.993196740342454754e-02
3.359469066484862404e-02 2.955560635728264954e-02
3.353888058719518839e-02 2.928442082466907806e-02
3.363543370057547194e-02 2.924028080213615655e-02
3.358580319694832311e-02 2.922538270449122691e-02
3.377003111042483491e-02 2.929995579232157199e-02
3.389644387723033531e-02 2.937898905079941794e-02
3.377475406017051845e-02 2.924405229597052541e-02
3.381851499836702885e-02 2.948856252519666335e-02
3.389025369217157913e-02 2.937737284491287459e-02
3.383057121184560728e-02 2.948042323911510484e-02
3.396561012386943579e-02 2.962818477906841233e-02
3.395429834713932504e-02 2.987051724992502780e-02
3.374695502763876837e-02 2.976880571834893824e-02
3.382664533789180722e-02 2.974879601588673733e-02
3.390286188739796702e-02 2.975416582249406847e-02
3.391293779093471072e-02 2.973122185746519819e-02
3.417630424097591046e-02 3.009438485981115463e-02
3.433686976010761477e-02 3.001389851406353199e-02
3.438180561007565805e-02 2.990910811859595966e-02
3.448816144492149877e-02 3.003035039975695403e-02
3.442026082397856013e-02 2.991026680172960417e-02
3.441841263179393900e-02 2.955654075231823469e-02
3.440727916202118708e-02 2.963906337600246549e-02
3.443757636449112230e-02 2.973676268894878683e-02
3.441543301226494822e-02 2.981165015462343415e-02
3.427200306221277193e-02 2.990325186897076909e-02
3.398688004248184846e-02 2.951146550251188341e-02
3.410861771321748587e-02 2.941814500896414164e-02
3.415118896742078830e-02 2.952682965334757839e-02
3.436016014413765390e-02 2.924388938541322078e-02
3.458625232577183795e-02 2.920572753534914426e-02
3.467462641371367449e-02 2.925206591413814089e-02
3.487539193338119736e-02 2.925553364116066646e-02
3.477554898381682996e-02 2.930483083353262880e-02
3.466346360755703793e-02 2.919319881883654030e-02
3.461905976562863058e-02 2.909710530880375151e-02
3.476679176113858794e-02 2.919556466295804634e-02
3.455864117093260246e-02 2.913116838750263310e-02
3.451347645555837701e-02 2.915849366864360290e-02
3.426499437123773500e-02 2.934189288129029211e-02
3.407541371202962160e-02 2.930936049603983379e-02
3.389561288774644437e-02 2.938720448664338888e-02
3.364557639119893084e-02 2.941035671919188868e-02
3.358217755279553629e-02 2.943345360792397683e-02
3.362127858326278279e-02 2.971136299811161577e-02
3.358346523279447798e-02 2.984551183176486697e-02
3.348729057957223337e-02 2.990615721127247092e-02
3.350740556012127280e-02 3.005603617235185279e-02
3.335636666755149859e-02 3.011989024485408825e-02
3.342625945782548569e-02 3.017723871415596212e-02
3.343153418125952014e-02 3.033575734431857851e-02
3.338604510118690222e-02 3.025973949159686816e-02
3.353357507096104556e-02 3.005238139987463988e-02
3.337967140768428875e-02 2.989426515670796924e-02
3.333377432301029564e-02 2.962984675803618725e-02
3.330100038072658641e-02 2.946148025750515778e-02
3.338366053171398784e-02 2.942300340541839990e-02
3.330031128779453731e-02 2.921797849248242845e-02
3.334750208619181172e-02 2.893699856078171470e-02
3.332783380930374323e-02 2.889747225677789452e-02
3.306072582599043491e-02 2.882389161257252821e-02
3.295727824627875391e-02 2.891068153578468455e-02
3.269581221134666704e-02 2.880877297189982089e-02
3.281762519960689656e-02 2.909090784166390095e-02
3.275262159858726568e-02 2.903006189283668936e-02
3.275544912665087627e-02 2.909677491038101596e-02
3.278404003348801138e-02 2.915420015362369527e-02
3.278438624442972515e-02 2.929265415362663355e-02
3.286173671799377805e-02 2.945486001354225350e-02
3.288771231741667578e-02 2.952402168287322770e-02
3.313093257798981062e-02 2.949290431001133292e-02
3.332823536406185477e-02 2.964310181012421580e-02
3.345957789171643409e-02 3.027171185711299839e-02
3.364853416448459339e-02 3.031713643875296599e-02
3.354228797697426934e-02 3.041553399924758552e-02
3.362627471507966676e-02 3.045092408118338020e-02
3.362883176584505890e-02 3.045519408548429119e-02
3.381230067841090037e-02 3.044210985021305813e-02
3.370335346298874296e-02 3.045434270617330269e-02
3.375036220935838382e-02 3.049036736946258985e-02
3.370745577136476101e-02 3.062934900825649634e-02
3.376959772256932224e-02 3.068968625170361009e-02
3.391095872934964811e-02 3.030820028493898602e-02
3.373553048268124188e-02 3.024408613811154986e-02
3.395934233263204344e-02 3.037891990350766180e-02
3.412082331338844865e-02 3.049474681303955201e-02
3.420151022845567546e-02 3.050230207621643444e-02
3.400332631056984106e-02 3.051794169777738083e-02
3.401617106940243301e-02 3.028697801194295616e-02
3.396356885250578078e-02 3.031876949745577338e-02
3.400650545912112244e-02 3.010354779843670350e-02
3.388787432418516321e-02 2.981573644242101889e-02
3.379688368047231717e-02 2.982659152863607541e-02
3.388048217962504743e-02 2.972234125552708495e-02
3.397054987157260841e-02 2.958354999113922690e-02
3.383932302497787842e-02 2.938908659252001745e-02
3.370830444590276059e-02 2.939891615365592889e-02
3.361412133783319572e-02 2.917641466218523147e-02
3.353018723877122104e-02 2.902588322663878645e-02
3.344688127121948212e-02 2.888233801164567793e-02
3.333325250988420502e-02 2.874286035909873888e-02
3.341238064347588910e-02 2.886648200824615609e-02
3.356699670234424004e-02 2.894223791410752838e-02
3.368904292525930905e-02 2.909052979762478258e-02
3.376308046803919855e-02 2.913884723799884530e-02
3.378069290940140246e-02 2.926580241581698549e-02
3.388006127533715189e-02 2.918124788344481080e-02
3.390714853645569044e-02 2.924984259074684192e-02
3.386212051614680141e-02 2.967938155431166375e-02
3.386039403874636228e-02 2.984868661106748408e-02
3.392394039130702116e-02 3.011034510100021183e-02
3.384515097851648752e-02 3.021386799823647801e-02
3.375468214792973209e-02 3.040383648027833452e-02
3.347366434940727414e-02 3.044285990456693791e-02
3.310995207008649022e-02 3.049559569563701361e-02
3.287549340144026166e-02 3.077810007900233166e-02
3.269108031504419642e-02 3.109126056740637092e-02
3.274058161374658604e-02 3.136606675074569278e-02
3.274927204933811287e-02 3.135065349787739125e-02
3.281180411203047514e-02 3.167345171659507325e-02
3.291674555866612450e-02 3.172050082649997826e-02
3.285425718846039789e-02 3.168334598422309356e-02
3.266865691478465505e-02 3.166220547859491252e-02
3.264842791765143470e-02 3.169834915189541358e-02
3.271729102165708836e-02 3.195259469132201435e-02
3.282192703700521214e-02 3.202009292526899337e-02
3.280033441817010315e-02 3.208233724172795259e-02
3.271454442872347851e-02 3.211463805679924677e-02
3.283153938406472433e-02 3.231133330924761821e-02
3.289830774542545216e-02 3.218749839915352462e-02
3.271710626485645895e-02 3.225608145512579711e-02
3.272493533428291052e-02 3.241135747860178495e-02
3.281487049235434772e-02 3.259252566965715331e-02
3.282015873965329206e-02 3.259389657344016061e-02
3.289213795019379355e-02 3.251716091558089911e-02
3.294197151985405608e-02 3.211567086395949316e-02
3.294182587823194647e-02 3.188805235812556399e-02
3.286798724029597191e-02 3.195738734098685363e-02
3.265760978968786782e-02 3.179134632104205910e-02
3.248382458857636962e-02 3.161709485868033354e-02
3.242518635868094773e-02 3.151583710478685768e-02
3.245029747104686418e-02 3.163047204167147852e-02
3.249549880488607906e-02 3.121813210532152494e-02
3.258911391062940810e-02 3.122723200193065068e-02
3.261509533571719383e-02 3.106928116603481158e-02
3.259665627411976324e-02 3.128317794241157468e-02
3.272025732538062087e-02 3.150407342290927754e-02
3.307027658744973730e-02 3.152243404609023081e-02
3.339257213451166800e-02 3.169446593013094254e-02
3.357826145763635750e-02 3.187455574900428801e-02
3.379796122041650586e-02 3.201246817023242069e-02
3.391118010461526694e-02 3.203616510244761822e-02
3.393321963517081236e-02 3.229412263070297051e-02
3.387121333873428092e-02 3.237318252079172259e-02
3.385816738640370915e-02 3.256974627966126301e-02
3.379858019731048907e-02 3.259693112066662513e-02
3.391001934088701264e-02 3.250839453828641146e-02
3.375215797055904771e-02 3.247320689820535483e-02
3.371540759587271507e-02 3.230545500531964431e-02
3.375640550443825827e-02 3.213002987954314410e-02
3.381856035532935373e-02 3.215564303938644314e-02
3.393299472289437041e-02 3.189291949307714730e-02
3.396120966628699694e-02 3.194653537566370660e-02
3.412538064780385599e-02 3.195147803619931975e-02
3.408546631290683415e-02 3.200752946282654082e-02
3.414157370752884252e-02 3.220351003102924631e-02
3.396081664196675537e-02 3.221536234623686989e-02
3.396222187556068722e-02 3.232330442640698326e-02
3.388581578388631665e-02 3.252117791957825216e-02
3.382188722609734410e-02 3.258321230404190305e-02
3.365142556680247865e-02 3.260763265900008812e-02
3.357027925644722605e-02 3.273889009033546793e-02
3.351376801841304126e-02 3.280218989243582906e-02
3.342306054362548240e-02 3.275296406445869085e-02
3.340246640213968832e-02 3.271822624893051118e-02
3.348000225668274626e-02 3.250877466292012574e-02
3.352379565215503343e-02 3.270431393700783812e-02
3.357797891288945985e-02 3.272849897671657737e-02
3.366688625722769057e-02 3.273822284364672625e-02
3.364677377339216763e-02 3.292407570150711338e-02
3.373003979352755949e-02 3.296831580064037148e-02
3.362851967665481806e-02 3.312515892797030653e-02
3.364678063935434837e-02 3.309565734487602412e-02
3.361101605039026885e-02 3.313814058992767264e-02
3.360950886766085610e-02 3.311047097038012643e-02
3.363470382798922770e-02 3.310883666332056080e-02
3.370167338284792841e-02 3.285539818653993027e-02
3.381653468842520799e-02 3.273830960444161498e-02
3.387935845048072048e-02 3.271555913471068527e-02
3.402773106106851686e-02 3.251844505856901074e-02
3.405900905583365834e-02 3.240841967902428900e-02
3.429976360374440564e-02 3.239185752181698158e-02
3.428614028641188693e-02 3.225282033114720837e-02
3.431027268707721040e-02 3.214173759342594389e-02
3.427635753865450330e-02 3.206269726092645517e-02
3.420226818906903915e-02 3.207088023949464239e-02
3.416612618024422038e-02 3.218429594794271209e-02
3.404900285221606343e-02 3.204308890516290725e-02
3.393536327178886536e-02 3.191570533291629430e-02
3.382628518696625952e-02 3.202644061133908676e-02
3.381114865317998153e-02 3.216711210906843948e-02
3.362558915915843383e-02 3.214254756890435466e-02
3.366910209047841579e-02 3.222113287536447490e-02
3.375798821275171474e-02 3.243403804035409344e-02
3.391458749439434095e-02 3.254131370607330626e-02
3.401911178181236950e-02 3.258231182269831494e-02
3.399002028391407554e-02 3.262252181008823415e-02
3.386766862971148789e-02 3.278512173462139884e-02
3.378359658722743242e-02 3.287444935906916332e-02
3.375386801126211561e-02 3.288342733283462771e-02
3.375068532570001112e-02 3.294437419050001009e-02
3.379242829519241154e-02 3.296152078673091762e-02
3.373865137458368496e-02 3.325928945239105955e-02
3.367079028493817627e-02 3.327322132190299597e-02
3.358745518906201821e-02 3.342313232413923751e-02
3.344880998241519382e-02 3.377114381241778929e-02
3.355290837211825916e-02 3.365710413364868953e-02
3.374019933696728590e-02 3.377090287956292097e-02
3.379467949855136100e-02 3.403177989816327798e-02
3.378915593600297085e-02 3.404236013783146220e-02
3.384693009496033550e-02 3.429494952395516910e-02
3.378453680792790209e-02 3.439766515048599954e-02
3.385603373663974291e-02 3.437125928409948822e-02
3.392442787462218723e-02 3.446096578482420181e-02
3.401231198253534121e-02 3.446549170226111819e-02
3.417781454459723617e-02 3.420942772315269109e-02
3.419852145431043905e-02 3.442734150352681072e-02
3.437766210592652083e-02 3.438975951517821150e-02
3.467878739485746875e-02 3.410829875806505734e-02
3.479559842563591937e-02 3.400250759659410871e-02
3.484368887313894769e-02 3.371658833330913596e-02
3.501034991027502513e-02 3.355076702415427797e-02
3.503518097460757430e-02 3.338568162131000383e-02
3.491706769966795160e-02 3.322123100787868766e-02
3.486020067995689725e-02 3.300922382751912687e-02
3.480031513359779782e-02 3.301149396428896404e-02
3.467041050487240650e-02 3.281488443233818164e-02
3.448236407612352561e-02 3.261597480305530178e-02
3.430944502654467709e-02 3.263086020907316614e-02
3.433266154946636867e-02 3.259434681411196161e-02
3.441422085785004331e-02 3.251764569412306932e-02
3.436760118267091074e-02 3.259359696781752302e-02
3.443492298219567177e-02 3.246903509796963960e-02
3.461770342600783978e-02 3.249738007852486649e-02
3.455039390199122346e-02 3.248877286671741221e-02
3.429720884163307143e-02 3.227187774546024651e-02
3.426066236521769365e-02 3.215342616583841129e-02
3.419974151498483134e-02 3.211082391077554887e-02
3.429585416648794904e-02 3.197766564821212520e-02
3.429758522119650405e-02 3.209969376995415458e-02
3.415706352627847359e-02 3.216906474710206493e-02
3.422005914544807431e-02 3.221346609231694885e-02
3.419381910245130468e-02 3.243499865088166761e-02
3.416104307957299607e-02 3.248270980598881585e-02
3.440458208723910088e-02 3.247096838647346717e-02
3.486446922784158797e-02 3.266790373953886578e-02
3.504618461527719137e-02 3.280928659256250601e-02
3.508593541543852251e-02 3.289167605819223045e-02
3.496183065222460001e-02 3.311430987547958615e-02
3.498688101122816169e-02 3.307480292100556385e-02
3.493880200699545080e-02 3.306065466965505545e-02
3.476599198057372248e-02 3.286849261672471212e-02
3.453523323330755929e-02 3.272535145320323857e-02
3.445979316170672685e-02 3.269954417388360596e-02
3.428964650443454970e-02 3.263428153883607408e-02
3.398473349303134800e-02 3.254602354807301090e-02
3.396295965440643272e-02 3.250374711412475776e-02
3.424244738365885693e-02 3.258906418441843283e-02
3.434378461626611673e-02 3.258312824801998936e-02
3.425552600132467096e-02 3.259727462683535693e-02
3.440939616702833742e-02 3.251032262530373362e-02
3.442602032595477868e-02 3.242019064298298087e-02
3.454967755326987522e-02 3.238719303677960876e-02
3.462359650215746792e-02 3.233502712057091666e-02
3.468544966683132641e-02 3.240470103229281529e-02
3.486921215129545198e-02 3.231738388640860438e-02
3.487038831142375700e-02 3.239492286184356140e-02
3.457722753862783188e-02 3.232718286280386599e-02
3.432336940591605018e-02 3.227910552304683045e-02
3.431387690110559996e-02 3.218152958936038727e-02
3.405043596577766313e-02 3.237641805345670837e-02
3.393285490693714185e-02 3.252331718694764090e-02
3.394768268048454357e-02 3.257185204945756835e-02
3.405511896810699962e-02 3.263232161872133691e-02
3.414573822568345296e-02 3.273618261258037093e-02
3.431644518708185099e-02 3.289502560744138326e-02
3.429970264232257843e-02 3.288372714651672385e-02
3.442389541468814096e-02 3.294232147586605153e-02
3.460208003308477137e-02 3.280699835461964309e-02
3.467583815200966230e-02 3.292212223123564679e-02
3.483922266876710028e-02 3.267264229374406553e-02
3.514169431046475223e-02 3.274265575850494880e-02
3.524442262862266528e-02 3.287657635093040043e-02
3.508451041619587568e-02 3.283448696243684156e-02
3.494348355290856356e-02 3.282134197380323637e-02
3.466345965442729771e-02 3.297518051446896720e-02
3.453432546988287333e-02 3.301890046495182390e-02
3.441895837175795031e-02 3.307392761485666161e-02
3.437244002153590910e-02 3.323778796359949661e-02
3.417626346132172227e-02 3.324363214577599063e-02
3.415944934410816008e-02 3.344968279185056570e-02
3.394616675925779536e-02 3.357106551314717469e-02
3.379907600300405962e-02 3.344958333942860823e-02
3.379237940121927047e-02 3.357906810416341065e-02
3.380803004993160332e-02 3.373987164331752886e-02
3.375098389102534902e-02 3.363305599706473831e-02
3.374481055878286728e-02 3.368449973888720111e-02
3.364668784483512004e-02 3.373023058405252850e-02
3.349361121791250701e-02 3.389722555662216807e-02
3.360583016834572251e-02 3.403347204575277868e-02
3.355268450013912385e-02 3.410224942926082942e-02
3.366391391977981151e-02 3.401391528873534686e-02
3.370111536737577934e-02 3.398517624356257177e-02
3.370389254505002513e-02 3.378321084498828869e-02
3.370469503038787257e-02 3.369254373373600092e-02
3.375325839704384351e-02 3.354568475572087399e-02
3.372680218026796739e-02 3.345694344283185045e-02
3.381343605888501025e-02 3.342357569884884388e-02
3.387265727138780852e-02 3.314611342844110686e-02
3.392581875211336806e-02 3.300036257511080456e-02
3.405617799075922464e-02 3.290344494155631599e-02
3.407995398556928901e-02 3.283118443462568203e-02
3.408168628863460226e-02 3.275049793567738621e-02
3.409632639254893405e-02 3.269070102264832328e-02
3.412908348201636882e-02 3.246347803784815911e-02
3.433759588762358428e-02 3.257936341208835657e-02
3.458171683759975884e-02 3.246267763310491800e-02
3.480446779236318761e-02 3.236067793917650481e-02
3.497050881230798214e-02 3.258106284175896206e-02
3.505586811867206914e-02 3.269615238856404121e-02
3.496100777705966195e-02 3.270352331105921828e-02
3.498667669683828280e-02 3.279283782776098305e-02
3.506878861114815643e-02 3.293056528412903472e-02
3.517650889993374080e-02 3.305649160791666874e-02
3.506019762797858708e-02 3.317772036521276363e-02
3.492652462631071902e-02 3.298897922592640419e-02
3.477255688072022899e-02 3.315869561623496775e-02
3.461348938970170569e-02 3.302523088208672575e-02
3.458725454819144146e-02 3.275981254964940165e-02
3.450416246576474416e-02 3.268613640615182503e-02
3.450385453776370209e-02 3.273907193430364987e-02
3.439690594151587066e-02 3.271362605426632320e-02
3.426574671424569007e-02 3.266473000053354836e-02
3.403060207355930455e-02 3.273737916253575964e-02
3.399378158283489215e-02 3.278451253652204384e-02
3.381903389866067894e-02 3.295478985513521086e-02
3.364410353828044264e-02 3.282079352906625003e-02
3.350911331217028971e-02 3.287952538571874833e-02
3.342033434051897706e-02 3.301376347688041168e-02
3.329928513853699923e-02 3.288783070324950708e-02
3.335147186069171293e-02 3.275194602952011952e-02
3.338466462666873219e-02 3.270633357018763038e-02
3.342029709787560504e-02 3.263847976262322648e-02
3.350682382587066160e-02 3.252267615575087784e-02
3.358276282405697061e-02 3.250947603136033343e-02
3.373746252282831121e-02 3.234007776396635725e-02
3.391549255304604493e-02 3.235370441025024052e-02
3.399666944814194736e-02 3.246605277366767378e-02
3.410979637005930737e-02 3.235688813610964470e-02
3.433621208415404275e-02 3.242331715249084645e-02
3.436227694108535263e-02 3.241372269854491533e-02
3.434826684121639051e-02 3.232431372284822607e-02
3.446612753197136891e-02 3.237615964360718995e-02
3.453817352959857867e-02 3.241525942571767821e-02
3.457328585215505012e-02 3.225192255457660917e-02
3.462962877008596285e-02 3.239312356363207440e-02
3.463677852537497964e-02 3.234594171179158012e-02
3.465999796112911174e-02 3.240168625071505881e-02
3.464207946430100660e-02 3.240409974045294073e-02
3.440836710493837269e-02 3.230086126049871997e-02
3.432321481773715349e-02 3.231411131915969820e-02
3.438624559895551991e-02 3.239923759892840427e-02
3.428554544441527602e-02 3.229262127363843882e-02
3.425730615806581170e-02 3.220001171926607786e-02
3.429713851753554005e-02 3.216392588649550494e-02
3.417183907690136968e-02 3.202823450000460287e-02
3.427337334181739664e-02 3.206317288485238670e-02
3.436060206243104348e-02 3.195085260946207290e-02
3.441111203339630026e-02 3.198674286634009545e-02
3.457190121644767439e-02 3.209007497305139262e-02
3.459701628194334494e-02 3.218821183504242539e-02
3.448411656095647787e-02 3.214017881195041504e-02
3.443959183648171579e-02 3.208004546677425961e-02
3.443159590336820897e-02 3.210725236208240158e-02
3.445022866832305602e-02 3.220093612744757972e-02
3.448740930997300919e-02 3.230853407727059257e-02
3.432114545834637903e-02 3.227989885376843227e-02
3.419634972966526659e-02 3.231017316969774650e-02
3.409367259413455947e-02 3.230165375898248065e-02
3.393212815524279669e-02 3.240787331488190898e-02
3.391601935959918240e-02 3.224272029271308543e-02
3.395383250200802172e-02 3.210377048701658353e-02
3.400667544370008372e-02 3.201038070966861354e-02
3.406773548571179200e-02 3.206356153992397096e-02
3.397105254322836665e-02 3.216273495414553180e-02
3.406452013481444524e-02 3.215892143230021649e-02
3.427573939399836817e-02 3.219406621213247860e-02
3.439174128153625609e-02 3.220505029521283230e-02
3.453015096487416918e-02 3.221551589411846689e-02
3.472556540328578661e-02 3.204932174241099246e-02
3.485579127581767828e-02 3.209628721241291477e-02
3.495300268932990950e-02 3.220550989856033053e-02
3.510649522711338510e-02 3.248384144139263713e-02
3.519762090141587835e-02 3.259068122254281386e-02
3.541698776905976426e-02 3.260765783419476704e-02
3.538029273818983633e-02 3.285867553915640393e-02
3.531241021841994426e-02 3.300792636872555003e-02
3.527249151427425122e-02 3.300182585729413004e-02
3.513684298803214368e-02 3.314378316248728362e-02
3.497726554327675735e-02 3.317797898312173366e-02
3.503639229678464501e-02 3.323184703377401322e-02
3.507181233928269304e-02 3.330375321544400136e-02
3.510096729531633764e-02 3.330384809055782908e-02
3.508698528347450191e-02 3.327184376021726647e-02
3.505795557923586936e-02 3.331687094828831436e-02
3.510943489922602884e-02 3.323789636257824115e-02
3.514069104774784902e-02 3.334289627392220123e-02
3.511964125604429693e-02 3.345215308182107605e-02
3.526309201204249483e-02 3.350657290616170653e-02
3.535604465646466354e-02 3.366023334792953708e-02
3.533199048615635884e-02 3.367732127139268228e-02
3.544610943557978400e-02 3.368147288986076543e-02
3.549208017330267306e-02 3.364166424916950615e-02
3.556335468645160230e-02 3.361915596065020995e-02
3.560569520271357480e-02 3.345901196998479765e-02
3.568550930834541585e-02 3.333224030061052168e-02
3.584391038491304554e-02 3.310115594028920083e-02
3.584835723975509508e-02 3.283042376923932942e-02
3.582661835511948001e-02 3.268939357700065967e-02
3.595064884110611009e-02 3.256030745419153521e-02
3.602203529024460699e-02 3.257328266630565156e-02
3.590172906859488700e-02 3.255356799215795849e-02
3.577294192723001059e-02 3.257167873592725638e-02
3.551718691641993220e-02 3.248633087283347987e-02
3.535556882447927346e-02 3.243610615138811659e-02
3.523209011218098735e-02 3.245142494526148669e-02
3.499861577284079511e-02 3.251298807504787725e-02
3.502715196003990117e-02 3.263974413996264395e-02
3.497044056880504320e-02 3.262564873571501683e-02
3.482945136428003408e-02 3.237649774022995780e-02
3.460923290926569418e-02 3.220706347854936785e-02
3.452129824290372379e-02 3.213721583717823321e-02
3.455838442555875245e-02 3.207248000868383186e-02
3.471193105880187452e-02 3.198540358759503072e-02
3.475809113063351580e-02 3.216660922935322270e-02
3.482544954862326625e-02 3.225548952596164060e-02
3.487977054472031491e-02 3.232533425450032777e-02
3.475011662764441317e-02 3.234840971310802560e-02
3.471823546850426323e-02 3.255926590853396724e-02
3.462356446100060825e-02 3.278053339934643845e-02
3.466714334716947121e-02 3.300898705585345733e-02
3.470432440493834148e-02 3.319732726456008087e-02
3.477116725158580640e-02 3.338123331005172362e-02
3.480821015787313039e-02 3.347577344815493711e-02
3.493656411944193185e-02 3.333506990926873165e-02
3.500239704546977831e-02 3.312160256761774446e-02
3.504173567984052856e-02 3.298156169811215788e-02
3.531435827914544689e-02 3.284127656680031759e-02
3.541952068492778410e-02 3.260512637474297093e-02
3.569443131411609293e-02 3.275444024632854362e-02
3.583059374722480372e-02 3.250987321686978071e-02
3.592173585822464044e-02 3.242383730114125479e-02
3.587569396416637885e-02 3.239290031583131474e-02
3.582097890345177504e-02 3.235982406315199289e-02
3.575318064776324134e-02 3.243934709359905938e-02
3.574303608460464854e-02 3.245647933372720895e-02
3.566301287921535418e-02 3.241391681802124197e-02
3.575724009589047875e-02 3.279284074059343052e-02
3.572679225837138706e-02 3.284935822041141346e-02
3.576936954629902216e-02 3.268724702755016615e-02
3.581387679377913413e-02 3.282292530629507543e-02
3.576879197323761667e-02 3.273549518412399717e-02
3.577791621280357326e-02 3.270552733977950127e-02
3.585535344716251488e-02 3.271575595896000083e-02
3.585374098634624973e-02 3.274635255899311509e-02
3.570130122943119405e-02 3.285214434464245326e-02
3.561006736420942870e-02 3.281764413301777039e-02
3.535235430581976090e-02 3.260319038146616138e-02
3.525216597755152087e-02 3.259967521688671849e-02
3.492912765821681170e-02 3.262543443447104424e-02
3.461482950068460462e-02 3.263233264587273030e-02
3.449676678419381221e-02 3.259345735991975995e-02
3.444692156320378063e-02 3.253356473953902123e-02
3.436187892333805727e-02 3.239606885335012676e-02
3.429239392960598681e-02 3.225807549699200028e-02
3.424569748048605228e-02 3.211346168861149708e-02
3.422203633449800303e-02 3.193176981189489727e-02
3.413541285885397097e-02 3.164142762060579567e-02
3.408685739845748047e-02 3.139214180259054104e-02
3.405434748362871911e-02 3.115247353312130402e-02
3.404480816543972721e-02 3.086232317265447112e-02
3.391201379887213291e-02 3.082875090622212363e-02
3.377154120598670206e-02 3.078751643405036598e-02
3.361908459625537193e-02 3.085364813346299848e-02
3.344475948084474348e-02 3.082100568475811334e-02
3.339232454375407055e-02 3.076780675332971629e-02
3.335135826022646299e-02 3.104117982310743151e-02
3.324714335722570024e-02 3.121421226509206795e-02
3.314478080759875739e-02 3.130988424665856473e-02
3.305076435515677535e-02 3.148990082860193135e-02
3.306325041948005028e-02 3.159010330491345692e-02
3.315584894670102478e-02 3.160411111612835416e-02
3.303602063763128732e-02 3.158170956211212715e-02
3.295855635554253288e-02 3.167281734330103932e-02
3.295387148067805555e-02 3.179061561621797372e-02
3.290607252447871195e-02 3.190464114694377407e-02
3.300951344628767076e-02 3.171122428740918292e-02
3.304501026272652769e-02 3.165114857470350401e-02
3.301544875850772470e-02 3.186392453476836334e-02
3.317122100379620020e-02 3.190833981996708119e-02
3.307448999957748187e-02 3.215887274638654092e-02
3.319050104173161542e-02 3.222666496835072808e-02
3.340235737898255425e-02 3.221904999210878362e-02
3.362009597329121413e-02 3.206683452329178730e-02
3.373972412916027841e-02 3.193582426659508089e-02
3.384084310739383233e-02 3.188250923798791048e-02
3.391586185858783131e-02 3.202018426337199797e-02
3.385433389085022032e-02 3.200645754048778852e-02
3.398459222065789570e-02 3.195441854054979769e-02
3.392571389014544664e-02 3.189154900541305016e-02
3.391928069163722276e-02 3.177153469118593893e-02
3.373148622289460358e-02 3.180264644644240080e-02
3.352778810513609015e-02 3.188209020623514189e-02
3.328040249417051066e-02 3.203095591774353379e-02
3.312396882785817454e-02 3.211166613547028481e-02
3.302869569627681079e-02 3.212060020868966193e-02
3.263247807943538831e-02 3.212095141305841561e-02
3.256162904788249129e-02 3.212312126516844724e-02
3.235233517094290856e-02 3.216608096638386843e-02
3.219902468518707345e-02 3.230924522450542152e-02
3.209174631469487865e-02 3.254060505555199379e-02
3.200873495933872354e-02 3.259496620712485498e-02
3.207486561845405287e-02 3.264257978234518659e-02
3.208922879522690952e-02 3.271509287346045791e-02
3.210973804845296264e-02 3.290649634159906189e-02
3.215746896920883280e-02 3.323040143664481028e-02
3.250012396668549436e-02 3.315088339962478370e-02
3.261571264813550169e-02 3.330121197719757009e-02
3.281446623282325420e-02 3.313350232038227844e-02
3.299697557515882118e-02 3.321649411814917019e-02
3.318967005224773142e-02 3.310353301962155881e-02
3.319713813851079415e-02 3.313168616935451699e-02
3.317691996046951558e-02 3.319882758132731287e-02
3.321629334077011442e-02 3.305661727583061177e-02
3.322888717989375129e-02 3.293891262967074685e-02
3.312349008304034392e-02 3.285772616383968864e-02
3.291741072476026680e-02 3.323544458989968753e-02
3.284461800173053142e-02 3.343884684710585198e-02
3.251344580586023464e-02 3.353803794638153535e-02
3.245595044657948597e-02 3.348623280527676660e-02
3.245076664512953207e-02 3.346436596407315750e-02
3.243367164764474758e-02 3.339869033099720358e-02
3.228039299498632053e-02 3.309796201951625133e-02
3.226293285314894149e-02 3.289615412195331240e-02
3.226894244259628092e-02 3.280318545695271037e-02
3.246849851262188086e-02 3.234811905404217508e-02
3.259642491200005765e-02 3.194836192966447191e-02
3.301424971183880563e-02 3.160946011678967410e-02
3.384530306998186772e-02 3.157411788852972079e-02
3.432153036834768162e-02 3.157019638382457805e-02
3.449236487019515657e-02 3.154829916593978462e-02
3.446587161883537392e-02 3.152079786649551046e-02
3.423226994710554250e-02 3.165929784763914928e-02
3.382325604928575202e-02 3.185136190456375888e-02
3.334868594452013862e-02 3.182119453119696545e-02
3.286602399122988405e-02 3.231812541032461766e-02
3.265329276394896008e-02 3.251006400739475666e-02
3.244337346027212354e-02 3.281082040690282142e-02
3.212600621764306191e-02 3.270209311033005217e-02
3.201265625598440773e-02 3.276585334801575961e-02
3.210783409633301277e-02 3.291001441901095226e-02
3.265770508092062652e-02 3.312156262020139741e-02
3.321358357436095948e-02 3.327551704998642917e-02
3.349417256233602758e-02 3.358480180676656074e-02
3.377014034164142059e-02 3.383211709363460884e-02
3.372761215574637816e-02 3.368135450402792719e-02
3.344096073122110324e-02 3.384576350556720709e-02
3.317464316579694927e-02 3.387668426223924834e-02
3.298925219993813218e-02 3.418592116534353853e-02
3.294400093182848349e-02 3.420292253607126048e-02
3.323053126574795207e-02 3.411671705188269732e-02
3.349211527039393232e-02 3.401239832721130590e-02
3.400697109619296721e-02 3.394947656915006662e-02
3.469524448203738926e-02 3.389795293249489583e-02
3.514042202686586819e-02 3.374571374489943043e-02
3.547615405386507492e-02 3.383578955116593734e-02
3.578959375806465421e-02 3.349865374698900861e-02
3.570788714358318072e-02 3.314475542434461991e-02
3.529133150645142464e-02 3.288023570071573615e-02
3.465384023334614622e-02 3.276500404929937049e-02
3.396208684497104696e-02 3.261220039638849238e-02
3.321208138505858665e-02 3.248654038870986416e-02
3.263817599581139706e-02 3.247528270743939988e-02
3.221710775704816898e-02 3.231939311661539277e-02
3.213931266041775148e-02 3.224596497999431682e-02
3.223671257580090072e-02 3.204726611494458643e-02
3.239368740476911146e-02 3.204868882553317533e-02
3.269338686221955753e-02 3.217491558718129502e-02
3.296174819572087605e-02 3.212904638247496281e-02
3.336569875851815720e-02 3.212486209867163045e-02
3.353050120049660271e-02 3.223954842624291578e-02
3.368247074303169081e-02 3.228708023409539857e-02
3.363569211042499035e-02 3.236728798822586378e-02
3.363104801521470816e-02 3.249923326413653446e-02
3.369769819880206324e-02 3.277797031485669282e-02
3.388099234142136901e-02 3.292126814715167632e-02
3.385138027875374961e-02 3.287177787560068010e-02
3.386161618001536089e-02 3.292147953556320145e-02
3.396721405424783097e-02 3.301581660763330123e-02
3.386899147175920222e-02 3.295055064363439784e-02
3.400804613942362553e-02 3.296871048943628840e-02
3.407395729580849075e-02 3.307931469039918776e-02
3.403398241560855186e-02 3.313556980723791207e-02
3.409998262144236375e-02 3.299081618290017337e-02
3.407031958420700390e-02 3.290902634463464121e-02
3.402132199745767221e-02 3.294424436139687523e-02
3.425098094241742219e-02 3.307316424469732702e-02
3.434406216758596753e-02 3.298119509734333960e-02
3.446459018062023039e-02 3.295760281903660494e-02
3.485742433452049260e-02 3.310943670680366324e-02
3.492825713743549082e-02 3.309028233678219105e-02
3.505880966331983289e-02 3.307345365540641929e-02
3.524174864844063781e-02 3.302543249170362266e-02
3.515512787756960161e-02 3.323634340676759336e-02
3.505783199191653959e-02 3.322412844392091252e-02
3.479392437921945136e-02 3.316100798907520991e-02
3.459405330717116311e-02 3.334673746767571889e-02
3.449351335841525229e-02 3.334444714913824964e-02
3.435781156895134636e-02 3.353042213790174281e-02
3.404074018687463371e-02 3.336924617231392526e-02
3.393319383579774390e-02 3.347414517481971108e-02
3.385596840596925144e-02 3.325950978735937175e-02
3.377095281383335479e-02 3.310789893933360761e-02
3.368507752000807209e-02 3.279516351640668348e-02
3.354814297824270514e-02 3.273046992398269406e-02
3.360990750958652712e-02 3.277326629852188311e-02
3.352771049895745398e-02 3.253252048910846433e-02
3.338076642462312754e-02 3.249920559222833211e-02
3.325548633351875505e-02 3.231367834742310263e-02
3.309366496748551018e-02 3.247187510960085344e-02
3.290637899606353028e-02 3.234268495706164870e-02
3.259078878928371725e-02 3.254458772973842923e-02
3.249500528784657338e-02 3.258682171955679802e-02
3.243777686885321310e-02 3.250558906452558072e-02
3.246216663907075528e-02 3.235913767499291882e-02
3.254394857107681394e-02 3.226898134971532828e-02
3.275224771573734955e-02 3.233153837954291093e-02
3.289850186490177880e-02 3.238493101432871751e-02
3.315637575325414838e-02 3.241118208447687360e-02
3.336213053877637447e-02 3.229772205936379259e-02
3.355775116411301162e-02 3.224539926632213893e-02
3.386844240284383328e-02 3.220638811754168024e-02
3.400476004830982335e-02 3.218448008056495196e-02
3.416561581038844719e-02 3.237847388898257989e-02
3.420651593100772214e-02 3.244077916686335938e-02
3.420973731562941544e-02 3.248913780301053433e-02
3.421893583242265752e-02 3.250944544661969055e-02
3.427178730455257560e-02 3.258296034403564134e-02
3.428479934319113992e-02 3.273439558987704251e-02
3.427122866490204395e-02 3.288211676629507196e-02
3.444617608615801324e-02 3.297339453206293153e-02
3.462391004776393250e-02 3.295843214404481358e-02
3.465777380549997511e-02 3.304135798696283127e-02
3.468027273134356020e-02 3.313589313163900485e-02
3.487900280531231606e-02 3.332923529782740035e-02
3.513304569482471329e-02 3.343905989999305245e-02
3.514880973594285141e-02 3.361915096722315616e-02
3.516187878287348884e-02 3.372398630353412585e-02
3.521620643687326663e-02 3.380366350604117887e-02
3.517704465304365841e-02 3.370770939584669806e-02
3.499868672111669521e-02 3.380785964923373188e-02
3.473510805042613614e-02 3.380116471192462502e-02
3.456702347046362173e-02 3.391475498225977186e-02
3.446646229964277913e-02 3.391907720948518501e-02
3.416251093906444436e-02 3.394681195164376414e-02
3.384409195586426250e-02 3.365487956190064273e-02
3.359541263117538784e-02 3.350115462170015490e-02
3.342258325522386858e-02 3.328654773838586600e-02
3.325852608223173190e-02 3.311756267707977042e-02
3.320367307809504037e-02 3.307278911349065958e-02
3.319982959568746478e-02 3.289486477747868842e-02
3.325084535920037193e-02 3.301563934097323516e-02
3.335678819601778367e-02 3.302155363918780895e-02
3.348030997662432284e-02 3.311129218106939609e-02
3.364242720320991670e-02 3.298648417688013201e-02
3.383252842718735554e-02 3.316577192653455408e-02
3.408629189284475419e-02 3.314824999103750669e-02
3.426107765190018056e-02 3.331811077461142856e-02
3.437047302739952570e-02 3.337439106664483179e-02
3.447645227462246831e-02 3.344346535100253814e-02
3.450371929911460328e-02 3.365490348873856341e-02
3.454642870479944505e-02 3.375662646358496000e-02
3.453251327198485904e-02 3.365566665083843251e-02
3.457029957472334408e-02 3.369333997729004326e-02
3.471924018763738323e-02 3.385987409815542637e-02
3.460271544667611193e-02 3.393768167835345406e-02
3.458103981211638894e-02 3.408720069656674678e-02
3.451424169825285937e-02 3.423776292491329670e-02
3.439271604010711580e-02 3.424589742562726691e-02
3.440591762091388395e-02 3.412574225514562049e-02
3.438967566721576330e-02 3.403279231549642680e-02
3.431096843791198864e-02 3.380412477386436632e-02
3.438179874411347037e-02 3.389485950444119655e-02
3.435256035623630161e-02 3.385955160599217473e-02
3.432202554986286264e-02 3.371777572864828598e-02
3.442652570238351195e-02 3.359337926607122021e-02
3.444647028223467994e-02 3.362826480381611582e-02
3.458352861937885603e-02 3.346541437569291316e-02
3.488468033186123418e-02 3.346385538615791189e-02
3.493893246027697519e-02 3.369761955232612044e-02
3.492978013268389220e-02 3.366084795557484910e-02
3.501642191756040856e-02 3.377131150834267875e-02
3.499936978032441165e-02 3.365266352059044508e-02
3.515164496220648388e-02 3.340386809872280399e-02
3.515405137792272650e-02 3.324832263824590434e-02
3.505324844200915363e-02 3.326206871065991166e-02
3.505921745986175647e-02 3.321468441696467933e-02
3.494847864442814089e-02 3.312079113572311689e-02
3.479330436202816845e-02 3.325893679160608907e-02
3.482846516243886387e-02 3.317079344160557552e-02
3.486246956836996924e-02 3.308680004559745591e-02
3.483499073934739898e-02 3.313074470029728213e-02
3.490021862846508227e-02 3.316482379957459009e-02
3.470681133966566079e-02 3.331229093539176539e-02
3.465500349378791700e-02 3.327831794643913710e-02
3.471304209631914661e-02 3.319255313218719833e-02
3.465778899384056727e-02 3.309752779942288364e-02
3.468633267118025748e-02 3.308332815738572463e-02
3.458621425089062479e-02 3.300542674237116197e-02
3.460122241198998472e-02 3.308890082196671439e-02
3.470392243406130589e-02 3.314605163478143157e-02
3.473241700936838955e-02 3.297262450400087475e-02
3.471186864096383051e-02 3.290358517363246860e-02
3.477770281534842828e-02 3.272198255442428788e-02
3.475897912840949372e-02 3.298197864927031320e-02
3.490143057482052863e-02 3.301761923479613892e-02
3.503455325921626257e-02 3.298966457378817163e-02
3.506369385914714920e-02 3.308475960647164205e-02
3.514531620954725738e-02 3.300546273665777575e-02
3.499903293205841592e-02 3.269668730943611767e-02
3.477035665192901998e-02 3.260090339188005670e-02
3.449279014373172331e-02 3.258936087720862990e-02
3.431345599681769054e-02 3.255140354959389082e-02
3.414375000948213779e-02 3.272931269726526982e-02
3.400755220626520275e-02 3.276040697552708852e-02
3.389665505758240188e-02 3.272053217192749663e-02
3.372839009006792926e-02 3.269617735569925465e-02
3.367943453132955095e-02 3.251462654329665553e-02
3.361041351019363604e-02 3.237340514441409967e-02
3.358363168036260921e-02 3.244889431804753172e-02
3.357795290545693284e-02 3.233383493986418528e-02
3.368954268408261982e-02 3.219755828211184889e-02
3.368182908765655903e-02 3.200396124308475809e-02
3.368152885785554579e-02 3.157859636840971984e-02
3.366642249269099357e-02 3.099979013857840152e-02
3.345727841856272616e-02 3.088306649277321181e-02
3.338641981627465255e-02 3.081752297745445762e-02
3.319111003177151187e-02 3.094514914703162117e-02
3.314106257698619384e-02 3.098627792499760933e-02
3.314742836422932687e-02 3.079583277873252159e-02
3.325649771055459725e-02 3.102168028244155218e-02
3.320648957900725756e-02 3.098974752455527920e-02
3.319315088701623589e-02 3.096698540349458739e-02
3.323907023405247435e-02 3.128636791005478396e-02
3.317435479538517057e-02 3.190187562059929732e-02
3.320099909791303372e-02 3.226745689805071704e-02
3.322021775830769075e-02 3.236648300617449986e-02
3.336269958139992386e-02 3.261997141722556420e-02
3.334444340406796797e-02 3.253430876016855794e-02
3.328830376022963444e-02 3.282815571306410551e-02
3.318401166716914569e-02 3.279189573452537254e-02
3.313350856216607659e-02 3.289904094696306097e-02
3.324525188867336056e-02 3.308328238430448265e-02
3.327781735537798519e-02 3.316049345803022408e-02
3.351855671494814032e-02 3.293353242009040838e-02
3.347662004209833730e-02 3.269083834189202842e-02
3.357739697057938316e-02 3.264552569624162848e-02
3.360744637423226239e-02 3.245742725262771439e-02
3.376331391075349658e-02 3.256499232905601254e-02
