6.239283637564226742e-02 1.159702385731047752e-02
6.228698778976032857e-02 1.173878080124349244e-02
6.242373445383316011e-02 1.185748319654455867e-02
6.240107927533498217e-02 1.229735397678212612e-02
6.227321924692460348e-02 1.217653998601987177e-02
6.217101627890360416e-02 1.215866195675676179e-02
6.201210295994504657e-02 1.178988519808643436e-02
6.198683205791372802e-02 1.195460119135918417e-02
6.198192643196201446e-02 1.206648672650748738e-02
6.191007309739492148e-02 1.222567000261559622e-02
6.192437094349729360e-02 1.217338570057407629e-02
6.177329314380845815e-02 1.253955256137612682e-02
6.160197615207285704e-02 1.239971933521177676e-02
6.147510939952528786e-02 1.224846957437911860e-02
6.136417708879372823e-02 1.235750459089346789e-02
6.171267085890091986e-02 1.259692807840782566e-02
6.170521983351358319e-02 1.307365263888342344e-02
6.163393491739164315e-02 1.344740878058408966e-02
6.157766898146099094e-02 1.368648647327565769e-02
6.159633857294029291e-02 1.353416218936099279e-02
6.151485791103255413e-02 1.353582500056661059e-02
6.184602240870282208e-02 1.306884823385908063e-02
6.188586454696717171e-02 1.265266798800831691e-02
6.202009993335585308e-02 1.234200338088838750e-02
6.198259971237510962e-02 1.245690681850634800e-02
6.161350930406857968e-02 1.221503800815670372e-02
6.177385115928061415e-02 1.184639066247059579e-02
6.188717573768512392e-02 1.170823574794164351e-02
6.199373921587219421e-02 1.150072265192158584e-02
6.204938014118451667e-02 1.203604705532220799e-02
6.207932738764245645e-02 1.229737441862408659e-02
6.198224934024418320e-02 1.250970637980096216e-02
6.183580003130612762e-02 1.319329546294442483e-02
6.174818452815603737e-02 1.317391680482489502e-02
6.190531519365992386e-02 1.304995799532228558e-02
6.199254828352222801e-02 1.329129105256201399e-02
6.196396424264727365e-02 1.364764895011470747e-02
6.189301138942375491e-02 1.370342698661127304e-02
6.194430886544573245e-02 1.372417571627597421e-02
6.194831775512413263e-02 1.342275134187104722e-02
6.203693984994249067e-02 1.322378626474203685e-02
6.203639265356226257e-02 1.337245213513893818e-02
6.210772625559787125e-02 1.344811659886756272e-02
6.204777308991422241e-02 1.375699636790848890e-02
6.208501323656977211e-02 1.385270777674268636e-02
6.201629452582948371e-02 1.390167623516759716e-02
6.184417192786414996e-02 1.383409664997169337e-02
6.186980027604804117e-02 1.374580557775446042e-02
6.193230549907003529e-02 1.378697118224489655e-02
6.196714713626885057e-02 1.403590288305894829e-02
6.199146595821047184e-02 1.430136438783425647e-02
6.210662312434008653e-02 1.427043010729730534e-02
6.214172150691273794e-02 1.405325504203649815e-02
6.218154408758782420e-02 1.397523940237830990e-02
6.208578804999942413e-02 1.400798650499165618e-02
6.221084260464897903e-02 1.400473984114555120e-02
6.237017703595489765e-02 1.385279724231055186e-02
6.237005719370584261e-02 1.366594330635759712e-02
6.206232684915258258e-02 1.358282240769567197e-02
6.185051274797204873e-02 1.315351262162622187e-02
6.153074325081595713e-02 1.286946121214486115e-02
6.138051474984351774e-02 1.269572074381729657e-02
6.132897176365854908e-02 1.265803618215483387e-02
6.130211752913538453e-02 1.276443217247648365e-02
6.129500189559782680e-02 1.278387761768272519e-02
6.129130010168261367e-02 1.272074020599102233e-02
6.109554444575634319e-02 1.277967616897393230e-02
6.106269518594804879e-02 1.287991422345315280e-02
6.103747463430608117e-02 1.281453247436467602e-02
6.119635091868072529e-02 1.307633036413571523e-02
6.141619944397488928e-02 1.324526861206327261e-02
6.140761116557830884e-02 1.365876681542794492e-02
6.145953781340780797e-02 1.399089889361770402e-02
6.163976890465459185e-02 1.415372560296244801e-02
6.178187518042122656e-02 1.432877778215661119e-02
6.186371994638424632e-02 1.404517796573353031e-02
6.184427970266450497e-02 1.393136007834896994e-02
6.186728192434223089e-02 1.382157251076721396e-02
6.230256936273187440e-02 1.413204050169728811e-02
6.239251055452765815e-02 1.409558525935519953e-02
6.252061567698212474e-02 1.430649336561645377e-02
6.255022836382811979e-02 1.416856606813691674e-02
6.262241376129364101e-02 1.388310599208052686e-02
6.254976023004274466e-02 1.400869369909674839e-02
6.258031501012435716e-02 1.396028211181695941e-02
6.256370312670607448e-02 1.439289723450028029e-02
6.275290823858858946e-02 1.479212921680053694e-02
6.261847644406952351e-02 1.497938824452242634e-02
6.229137742825081175e-02 1.458744229645759886e-02
6.204301518617922478e-02 1.417103875079121778e-02
6.193066723888071556e-02 1.368544003822076867e-02
6.209115473571485272e-02 1.335356262481024979e-02
6.213956933985680803e-02 1.323127432471328524e-02
6.220035183054866551e-02 1.299178873145007129e-02
6.212552449405801119e-02 1.284669409765712943e-02
6.209897735529804064e-02 1.285072681014372623e-02
6.180827834203476284e-02 1.291934138712420334e-02
6.178761554092711272e-02 1.311929620310520878e-02
6.167446739694480012e-02 1.323150620698163374e-02
6.184060412424127740e-02 1.358594943735218219e-02
6.192637122714728798e-02 1.404999880745522525e-02
6.166886934910968676e-02 1.438721273795945214e-02
6.156485251871498393e-02 1.471947360495505161e-02
6.179913579323630113e-02 1.478190403060112602e-02
6.183511093837407158e-02 1.485642614386372719e-02
6.191909122663620535e-02 1.500315685322165492e-02
6.191786991760505482e-02 1.483188605068621983e-02
6.193941489082379487e-02 1.469136997337361014e-02
6.187985870259012089e-02 1.494560448564882099e-02
6.162805765376097589e-02 1.509508282823765826e-02
6.143263364461420267e-02 1.490670204793629987e-02
6.142267799944543805e-02 1.486277788709329702e-02
6.141894083542198679e-02 1.481902225441302477e-02
6.113753999943338097e-02 1.467019877897505521e-02
6.103086624973240448e-02 1.474593107008769118e-02
6.093660907249500575e-02 1.460406624732458157e-02
6.109133249004482236e-02 1.449065626051166712e-02
6.120210084992177418e-02 1.453708587337394602e-02
6.122967954748522595e-02 1.441567111092047389e-02
6.127197429066595646e-02 1.420770995885295949e-02
6.119538136159637792e-02 1.411884828356622761e-02
6.119457117805848778e-02 1.397339349884774672e-02
6.091608691958243921e-02 1.378229598214531990e-02
6.057468173528296473e-02 1.363526327448096563e-02
6.049148832789917607e-02 1.344357518100086635e-02
6.023402722951576305e-02 1.329098499709611275e-02
5.998068029889760261e-02 1.323734456349325191e-02
5.980751573915576991e-02 1.299471758447077324e-02
5.968370329948338715e-02 1.282667732117327881e-02
5.965815151718082548e-02 1.270522573219535697e-02
5.966011476624691334e-02 1.254575366955654192e-02
5.952349002501772929e-02 1.235353970579088079e-02
5.953816612321867485e-02 1.210359964480315145e-02
5.958204877619937417e-02 1.174984831616737550e-02
5.957148310069340646e-02 1.145898160697920477e-02
5.968302460952433497e-02 1.103188141237668000e-02
5.975303994682036601e-02 1.069082119066216106e-02
5.974288206785631494e-02 1.048239502570118276e-02
5.978749251282865218e-02 1.026624964670871942e-02
5.989277476086005136e-02 1.025834994109553998e-02
5.978428465207186182e-02 1.025332488901369889e-02
5.979202446398990817e-02 1.008088396007430707e-02
5.979119846793306409e-02 1.007734258000288208e-02
5.981179510613238159e-02 1.004286723148369725e-02
5.973462668459597613e-02 1.003886031837015504e-02
5.966842757391825625e-02 1.001709095302362983e-02
5.967095216740786467e-02 1.008281329544839441e-02
5.968610638624825826e-02 1.011745280288164732e-02
5.974820755779861742e-02 1.015915499271984740e-02
5.978094446549841318e-02 1.004847516214318372e-02
5.978770847854829318e-02 1.013245857129721310e-02
5.994062344327037023e-02 1.022872518680085184e-02
5.991697498890938278e-02 1.016821598220992058e-02
5.992576550110124273e-02 1.033084784387022260e-02
5.985887771361038390e-02 1.030879031617137377e-02
5.983820326117295779e-02 1.035431133337112210e-02
5.982460199814321894e-02 1.042094216742868278e-02
5.981526428957113090e-02 1.048926369265952389e-02
5.993039066290066497e-02 1.040585608806149365e-02
5.984719808775470357e-02 1.073380481871549948e-02
5.998567247758474635e-02 1.081730157679220740e-02
5.996133409805386172e-02 1.079711814468077048e-02
6.010174427310124856e-02 1.081062754945884621e-02
6.019622116112856997e-02 1.065445291717441456e-02
6.042860360442184331e-02 1.080964998208527351e-02
6.064677142539680321e-02 1.117607296408278453e-02
6.067119760601988321e-02 1.097700011215341047e-02
6.097789680788857913e-02 1.099225628012928148e-02
6.102584702331544791e-02 1.113505424957121799e-02
6.128844552588919720e-02 1.087504244623594893e-02
6.116576617803685251e-02 1.041206120138651534e-02
6.101241512068627387e-02 1.046747783860078190e-02
6.114758719076460874e-02 1.046594121545775177e-02
6.139512510125504086e-02 1.065274240833755451e-02
6.150321240692833979e-02 1.067132815185440654e-02
6.141338481559781987e-02 1.065328388308262736e-02
6.149553626120510263e-02 1.104219840481288940e-02
6.126992615334012071e-02 1.113087449106115422e-02
6.120751455707519606e-02 1.113814804172897147e-02
6.086636154084144185e-02 1.137936344134397870e-02
6.078904040366128747e-02 1.172634155029876266e-02
6.093551135078319886e-02 1.191846792103169218e-02
6.085492992186228300e-02 1.221445424532635257e-02
6.054947990899240545e-02 1.242708050660962932e-02
6.052380870055971973e-02 1.255499098943910381e-02
6.053137790372043608e-02 1.237585897229061607e-02
6.077386246604243175e-02 1.247395838357882696e-02
6.087127382469588455e-02 1.244817575930522689e-02
6.088928303544863252e-02 1.268963032326969088e-02
6.097279643828214246e-02 1.252456947144172002e-02
6.105852858719883897e-02 1.240791979077461929e-02
6.084715848490630102e-02 1.237502475788509679e-02
6.063432322789529677e-02 1.221471692039480771e-02
6.072495975440693472e-02 1.211328834968453810e-02
6.071999171061718409e-02 1.199168570953853749e-02
6.073781075502332483e-02 1.203703050037553159e-02
6.066477148153329862e-02 1.195398419103007280e-02
6.082858168794623432e-02 1.207401754269779755e-02
6.091263770985185649e-02 1.194828367391081135e-02
6.096556970099287209e-02 1.212962538655595196e-02
6.112877112542536989e-02 1.238409365363465388e-02
6.135862356568307086e-02 1.222781280699580982e-02
6.142556420027679709e-02 1.231534009293478588e-02
6.148142483637904915e-02 1.248492831861588992e-02
6.131763543591213506e-02 1.267113321308286841e-02
6.119064884111550390e-02 1.275080323753854071e-02
6.106088090745544206e-02 1.265959756437362409e-02
6.099508210317906853e-02 1.253441474106687867e-02
6.110854233635160115e-02 1.247227070926772152e-02
6.126077236933082093e-02 1.226655545504293059e-02
6.138702867542226299e-02 1.219472521507591022e-02
6.135835142390916319e-02 1.227385158016217753e-02
6.146635550579841040e-02 1.237027091130957560e-02
6.142224981307640996e-02 1.244613511211995448e-02
6.130663450001550691e-02 1.240234775037200865e-02
6.116135448524356866e-02 1.252229246870970383e-02
6.106790041752239995e-02 1.281596662822357888e-02
6.087176859009214847e-02 1.287744414154210447e-02
6.068195802518056015e-02 1.312556950791829782e-02
6.070788098556003515e-02 1.347293237082978871e-02
6.079863527372612875e-02 1.365680065352941133e-02
6.119234078064555299e-02 1.386126775905268706e-02
6.141789138350493837e-02 1.385631615196027989e-02
6.170681856240545909e-02 1.370178331687598935e-02
6.204896527062095379e-02 1.377810576864737721e-02
6.252287686719516790e-02 1.369551666996562597e-02
6.275319161557332825e-02 1.359095285125017094e-02
6.297911589322316428e-02 1.374382183483154225e-02
6.304119501047075746e-02 1.347562434815510052e-02
6.296445768813579980e-02 1.329226196203285928e-02
6.274751034395413540e-02 1.308636756861286839e-02
6.243958858469754458e-02 1.281937641068644877e-02
6.231208808303431018e-02 1.252628658616644283e-02
6.226717969691501070e-02 1.267977329828503738e-02
6.227289217745322208e-02 1.239069298762181942e-02
6.225532779782631809e-02 1.219758956966396531e-02
6.224918255361095581e-02 1.190539075978210189e-02
6.223454973177773575e-02 1.164668192881609769e-02
6.230214700202774819e-02 1.158931442207361898e-02
6.236739569709145309e-02 1.134796846514736154e-02
6.251839609866111092e-02 1.122458462796291009e-02
6.261437767270430776e-02 1.123725628132464342e-02
6.285577117121721180e-02 1.136062617852526269e-02
6.285676278260435290e-02 1.120120509045418634e-02
6.285162621065187860e-02 1.136387575520380819e-02
6.273829580658246696e-02 1.142215123343043662e-02
6.284097065345910227e-02 1.145575054759260906e-02
6.288092139876166886e-02 1.152573217925608774e-02
6.294479856586397692e-02 1.163586200464981381e-02
6.292346664553243041e-02 1.182699572369830775e-02
6.299388353758657300e-02 1.198999345791930751e-02
6.318895759072135077e-02 1.215135022717800384e-02
6.299524299809927674e-02 1.227263370411211564e-02
6.279413771733330374e-02 1.212526289982499526e-02
6.273660053810106718e-02 1.200901394167816667e-02
6.276956298225568054e-02 1.193049448603719469e-02
6.276284474228703558e-02 1.199763090458294892e-02
6.278667379225942591e-02 1.199687970590203150e-02
6.284078007099359875e-02 1.204275369597594507e-02
6.286027690688650305e-02 1.194217744084423091e-02
6.275373756359679811e-02 1.174955547247719459e-02
6.241348710930123833e-02 1.175573150949266003e-02
6.258301728639295569e-02 1.166177248146168209e-02
6.295581573039848999e-02 1.189940561732134167e-02
6.316061156986882419e-02 1.190719442724225141e-02
6.327383919256490685e-02 1.200568821523720006e-02
6.333031901362061455e-02 1.203833971452860155e-02
6.328843248310070391e-02 1.203715013456512287e-02
6.333008265807385517e-02 1.185226985065126852e-02
6.348299762279592529e-02 1.195289115065611106e-02
6.349268320678540245e-02 1.197867439910809025e-02
6.385971798762553331e-02 1.194929796377910448e-02
6.378610238943084598e-02 1.187079567304359304e-02
6.369940900580821352e-02 1.163634543080549824e-02
6.370893771296470831e-02 1.159221695557261476e-02
6.370574691308367177e-02 1.135137928790753634e-02
6.367352765732076092e-02 1.127901672781168874e-02
6.371578370144190262e-02 1.115806489765707420e-02
6.365164479553871157e-02 1.115840216204199743e-02
6.357137795252157386e-02 1.096180116052908327e-02
6.365000487087371650e-02 1.079924482445282150e-02
6.363444202325356513e-02 1.068913757351052339e-02
6.356531759656595948e-02 1.073628780031307683e-02
6.347073501433286857e-02 1.070866946742246410e-02
6.330360917236278750e-02 1.075926692739071974e-02
6.318521917834116208e-02 1.089289883731520137e-02
6.309934097168341804e-02 1.096045054254344078e-02
6.311840837285055683e-02 1.103741537789807922e-02
6.316231349625295310e-02 1.107528646486657595e-02
6.316209004039273489e-02 1.116641567617988537e-02
6.312264363122160882e-02 1.140167693419369410e-02
6.306113168406243807e-02 1.140956686101224533e-02
6.323323430831959135e-02 1.136745260941319363e-02
6.316913576595167834e-02 1.145970222091947585e-02
6.329077148755184179e-02 1.147986463902543781e-02
6.338480104773981660e-02 1.147016136998184159e-02
6.350945071867988845e-02 1.139511120180934645e-02
6.346814550629169271e-02 1.129741667423061341e-02
6.343461131474055492e-02 1.128241558715290145e-02
6.352105003358395063e-02 1.133842987516648498e-02
6.352360916494395604e-02 1.133869015755114770e-02
6.337041415218849782e-02 1.130885453499358255e-02
6.341625339633256975e-02 1.132334660460200884e-02
6.356940263600678598e-02 1.144058051623324766e-02
6.351724379381974706e-02 1.134547726520110551e-02
6.348121871441153585e-02 1.146539514386844122e-02
6.328109797101104383e-02 1.156865536603624879e-02
6.318005514253990929e-02 1.161111666081485194e-02
6.314970134789681111e-02 1.178751789754870806e-02
6.303704047917020603e-02 1.167118394711239709e-02
6.307597006864229527e-02 1.186272348613794103e-02
6.303956548877874544e-02 1.191369607731286584e-02
6.276349555227840604e-02 1.198911773565148296e-02
6.245923314280714400e-02 1.192981517189976165e-02
6.231517776601772085e-02 1.195720848848420836e-02
6.218648716424236833e-02 1.199088457658718278e-02
6.219864865580777835e-02 1.195727007408441817e-02
6.218721037892589731e-02 1.198481059273692924e-02
6.212759094061635207e-02 1.182174679963732787e-02
6.209695418510741138e-02 1.177773421352375748e-02
6.208214368049521509e-02 1.169856634057519010e-02
6.214627676073352508e-02 1.162422295038886486e-02
6.204907970332405182e-02 1.154683180120034958e-02
6.198723236431508132e-02 1.141247553226531521e-02
6.183987175494150279e-02 1.142215383417369279e-02
6.180123927437855547e-02 1.126147606696323300e-02
6.174640978096086058e-02 1.113956185777563619e-02
6.166350557622669176e-02 1.120027444048888113e-02
6.160609656162191472e-02 1.115377075845878398e-02
6.148698834634380023e-02 1.116127702363279434e-02
6.126144648198175030e-02 1.092061391785478786e-02
6.099943845215594074e-02 1.090937215313302240e-02
6.090960295456592649e-02 1.095035435320932705e-02
6.090708377062228202e-02 1.094890459489091666e-02
6.077719308188071767e-02 1.069628654857656888e-02
6.068404777439843217e-02 1.073393553207134359e-02
6.062325820968492845e-02 1.083901461003989632e-02
6.044412816910131603e-02 1.062899928692219789e-02
6.032166894815782499e-02 1.069253190755848140e-02
6.025035823266283036e-02 1.077304176402509722e-02
6.013875264151817557e-02 1.092622075620210999e-02
6.018795953608443994e-02 1.098498829505202209e-02
6.003119588746828883e-02 1.098559270778379574e-02
5.991964855297247233e-02 1.092593124146329538e-02
5.990747624231512747e-02 1.109134532623975641e-02
5.982908817622324682e-02 1.099655489260596870e-02
5.977795506717480112e-02 1.084123600888118460e-02
5.992038799629388623e-02 1.099241055621899207e-02
5.989783185409875560e-02 1.094343034243458121e-02
5.980322430473046513e-02 1.108432498393495391e-02
5.969113143833010976e-02 1.121586225524425114e-02
5.952905811229061012e-02 1.125804079721648941e-02
5.963276077290044497e-02 1.138110755178365491e-02
5.962056640794032719e-02 1.145289420329377063e-02
5.964829116324481956e-02 1.163245222218693871e-02
5.979229702188272599e-02 1.180087843578303541e-02
5.990204214533460803e-02 1.193436969751244907e-02
5.986531132823753876e-02 1.191531394767509321e-02
5.977911520672466589e-02 1.187299226079426007e-02
5.983038854784926419e-02 1.173036531622857412e-02
5.989379092326348186e-02 1.166339961046988088e-02
5.992307487616242712e-02 1.165423625572540624e-02
5.985592368539499608e-02 1.142958311734744090e-02
5.974713646769770625e-02 1.139059527122652203e-02
5.964310007971376781e-02 1.131743938040907435e-02
5.949763489202227612e-02 1.126627589467945126e-02
5.931905454453241522e-02 1.132243155909621289e-02
5.922777386593210125e-02 1.124584695240502148e-02
5.924820364044437043e-02 1.123728644994636747e-02
5.921237455304763364e-02 1.120262322373465763e-02
5.920648355749258407e-02 1.107427831275236210e-02
5.933031264192178966e-02 1.097614977313972687e-02
5.939989355106499447e-02 1.092442067776764822e-02
5.957801575162358781e-02 1.084022536005344386e-02
5.974797453120323648e-02 1.078087629501237737e-02
5.977985797899745130e-02 1.079575473103832305e-02
5.976463343605951939e-02 1.062736076665855324e-02
5.976985988969879537e-02 1.076625959778731642e-02
5.971958356950730906e-02 1.078003407031764144e-02
5.967533639635240472e-02 1.076163266748249477e-02
5.981116926327621069e-02 1.063794443930782610e-02
5.978767061172654551e-02 1.055236999946193577e-02
5.987806454090763980e-02 1.038639550652952458e-02
5.988711013399766747e-02 1.036516876025510465e-02
5.985578345331885042e-02 1.037517704446729722e-02
5.999601719394401927e-02 1.015655700625566274e-02
6.005351192904639229e-02 1.016025807196276227e-02
6.013712852937215525e-02 9.889015114938190174e-03
6.024846156262398528e-02 9.815746559923068174e-03
6.034773463732697601e-02 9.749773505848810529e-03
6.040935144645408206e-02 9.769746173727101440e-03
6.029891639783229590e-02 9.903243677240321924e-03
6.026285969338614906e-02 1.019668808709531076e-02
6.018425482933678627e-02 1.024097219080439582e-02
6.013159289937506508e-02 1.019231915052109042e-02
5.999928913701453592e-02 1.033615908173952068e-02
6.011095381704588403e-02 1.034248294500142787e-02
6.013633415835324680e-02 1.060367527771366100e-02
6.020577400318245093e-02 1.076275379588357943e-02
6.024942404568668641e-02 1.106144239644682795e-02
6.025849252531734895e-02 1.116772749107620803e-02
6.040629963029241906e-02 1.133764351443680013e-02
6.049907375969777040e-02 1.144547001757679344e-02
6.070725347822818890e-02 1.168560225964219469e-02
6.088471488194129033e-02 1.185432610229605541e-02
6.113832979314414579e-02 1.204232353304206075e-02
6.114491404282044323e-02 1.217704754707293544e-02
6.117863007833976990e-02 1.219909602418526966e-02
6.118862317421136510e-02 1.238610642085226886e-02
6.113055585947464038e-02 1.233644065114662333e-02
6.094709776600071988e-02 1.250077880843971853e-02
6.093529704953922627e-02 1.261924713684810066e-02
6.091165067577284514e-02 1.255610504381854398e-02
6.086572321441766770e-02 1.263419516876347105e-02
6.091036778114148481e-02 1.263867396073265620e-02
6.091016471510836416e-02 1.263301141446487690e-02
6.084306637144382135e-02 1.258509438452189502e-02
6.081556715259415352e-02 1.254522166151690425e-02
6.067004454049164386e-02 1.240789888079887014e-02
6.066187279713431552e-02 1.226302978346074588e-02
6.060540670800299706e-02 1.211005292104928334e-02
6.044293474003781946e-02 1.166586272238901573e-02
6.039777751480416429e-02 1.159897763967113367e-02
6.044751204816138646e-02 1.150707413507683248e-02
6.051741586558677388e-02 1.159577009100353981e-02
6.037215332780947186e-02 1.150663388125912692e-02
6.039530618453636118e-02 1.149261431468473135e-02
6.042293440025132967e-02 1.146496394063725374e-02
6.055221256194217444e-02 1.130575829813717723e-02
6.049268342143834798e-02 1.134112434920531848e-02
6.060553778546289017e-02 1.142086261716392277e-02
6.088111878223184670e-02 1.148467747045791611e-02
6.100985182813707663e-02 1.157778574335628988e-02
6.100242244093359578e-02 1.155261647837124706e-02
6.101297313615842988e-02 1.140191984361343079e-02
6.119504305691413765e-02 1.130136709920071675e-02
6.141450084654211800e-02 1.132113191567830912e-02
6.149005389442983166e-02 1.140454992324934670e-02
6.144677919119172910e-02 1.154407990275051199e-02
6.160466219970355678e-02 1.134245738616657638e-02
6.156125808348122952e-02 1.114819923820482318e-02
6.139796677736193004e-02 1.112791031994708225e-02
6.135525549914195437e-02 1.104670897786461450e-02
6.136334193812063159e-02 1.097293130135047583e-02
6.139042254133644794e-02 1.102663228025624158e-02
6.136711738508473374e-02 1.108335792356411956e-02
6.127784115132362680e-02 1.101246114236511739e-02
6.126693841949220481e-02 1.068651540013409659e-02
6.127118408083626760e-02 1.055877282128897532e-02
6.113114092267660227e-02 1.073796736030523981e-02
6.110065729893036923e-02 1.081203049439872187e-02
6.127779829107483228e-02 1.084312872579028253e-02
6.131609787650154492e-02 1.074264557726699147e-02
6.127047792702848550e-02 1.078626950830897935e-02
6.112904326719926368e-02 1.055565723490277212e-02
6.106573659913672181e-02 1.037047443253383966e-02
6.100295590538946239e-02 1.034259352860450280e-02
6.092425783070194029e-02 1.065227422253732341e-02
6.090197299804285536e-02 1.061457998610996177e-02
6.093807048214319039e-02 1.051283506099051808e-02
6.106629544684670508e-02 1.041684245979591396e-02
6.100224683874921894e-02 1.047845999713113013e-02
6.105683914438232024e-02 1.056092904550436778e-02
6.103569406144602333e-02 1.051890717230562905e-02
6.117802254471609719e-02 1.060221802925468554e-02
6.113970589841365849e-02 1.078685987702719153e-02
6.111370512379608877e-02 1.083995862782551750e-02
6.108421186308020390e-02 1.082755922026740723e-02
6.121682022449042443e-02 1.084133286055988937e-02
6.130411406771509725e-02 1.100433007463223929e-02
6.125313658714285486e-02 1.116971185817750879e-02
6.130890151589343806e-02 1.118012502609917920e-02
6.125792153860767919e-02 1.122735712429930553e-02
6.136490904197456492e-02 1.138964423143411751e-02
6.129375686778821414e-02 1.165207826300460221e-02
6.130110802463466929e-02 1.176922801458420501e-02
6.126270399335896621e-02 1.197341257536057961e-02
6.119997531447675387e-02 1.202210993230889979e-02
6.098130440572711169e-02 1.234229762897992230e-02
6.090886309512559549e-02 1.238404361533448732e-02
6.096095951947459041e-02 1.246357413592212061e-02
6.093786741611006974e-02 1.261164037895483141e-02
6.089318456644558786e-02 1.263668564050161522e-02
6.091260358810039743e-02 1.258349555160027597e-02
6.094763664000254350e-02 1.255822433747975572e-02
6.091122207328491384e-02 1.257631812440305509e-02
6.089096956543271072e-02 1.238845041873045880e-02
6.093282280643898263e-02 1.228802230193437942e-02
6.103386272207766972e-02 1.219346676743111695e-02
6.108189740964537623e-02 1.213418324112000048e-02
6.109747731814124672e-02 1.223028299293658916e-02
6.109781853565591364e-02 1.223105895069326494e-02
6.119828503942239400e-02 1.224936714289025924e-02
6.126707657097373722e-02 1.208144911452560880e-02
6.127431038228466076e-02 1.202310029533927398e-02
6.125816746488958742e-02 1.200481550983154705e-02
6.126954124333882507e-02 1.193769521589395539e-02
6.124039128073222732e-02 1.192198527023546895e-02
6.119770538576637525e-02 1.184230421862841019e-02
6.113392683884819739e-02 1.180574192969406459e-02
6.111713810488877269e-02 1.167530394054253420e-02
6.112192680142387174e-02 1.162288918521949162e-02
6.101269183976829741e-02 1.149536808566971151e-02
6.095976192922189507e-02 1.158269012095123826e-02
6.086980326043144734e-02 1.146103525788073896e-02
6.086644101955523273e-02 1.130396243290678407e-02
6.095019993255174073e-02 1.135766694882337467e-02
6.094653101203123535e-02 1.130788747462274819e-02
6.098145545689517832e-02 1.110404974896646302e-02
6.100592907507517565e-02 1.104971346049909119e-02
6.097151812095889800e-02 1.093914005233630193e-02
6.094385911244382115e-02 1.088595339641605653e-02
6.090196592402120218e-02 1.092167980646920229e-02
6.081114256011433544e-02 1.102411507287746548e-02
6.072279468766447752e-02 1.111824991115227881e-02
6.061444439483352348e-02 1.109937309245066089e-02
6.062587809440729558e-02 1.102076167452829825e-02
6.068033058408316832e-02 1.079175775276400989e-02
6.065479835936987696e-02 1.090023444171701189e-02
6.068551001628444408e-02 1.089890109266655922e-02
6.088107508974521798e-02 1.086983945130080148e-02
6.104936731304896891e-02 1.084639541535942914e-02
6.121426567043855571e-02 1.081205551354880688e-02
6.114888714627171595e-02 1.067942457768716706e-02
6.117844740213375376e-02 1.055707646049540427e-02
6.141019110288432198e-02 1.066004997672711022e-02
6.129599683593633247e-02 1.067541662427632689e-02
6.126530598496776614e-02 1.095047638008271249e-02
6.130010018460964327e-02 1.097493033664371544e-02
6.129841989640937711e-02 1.088534627891130264e-02
6.119368193192575855e-02 1.086578608891278219e-02
6.095219730336930153e-02 1.060804234175273877e-02
6.087749979598178207e-02 1.054511891921581200e-02
6.090862299450856832e-02 1.049027070044671224e-02
6.104499431931528081e-02 1.035184406026278675e-02
6.103222737472079745e-02 1.036188937905888931e-02
6.111748223523586626e-02 1.075193491201459350e-02
6.129025106588447541e-02 1.070219382478436974e-02
6.142091781641245696e-02 1.059640172704584375e-02
6.146775657820315042e-02 1.068000553171480523e-02
6.156662435307773407e-02 1.094645708743129629e-02
6.176848031237597292e-02 1.131048800981531918e-02
6.182801194959332280e-02 1.157807411376807552e-02
6.188933955607081594e-02 1.159448948502624088e-02
6.181094899326540493e-02 1.188155089071777151e-02
6.177015727162488146e-02 1.179601951918013251e-02
6.173495277872755038e-02 1.140895277351557449e-02
6.168267825548065519e-02 1.152807232803426500e-02
6.162341751168042697e-02 1.172474438185282415e-02
6.164602858157305215e-02 1.174687483439246054e-02
6.159640931315674833e-02 1.165108873221206917e-02
6.154623119703045431e-02 1.147865477326459431e-02
6.145659626876003728e-02 1.130138665678997317e-02
6.133646398481899797e-02 1.139164243448951945e-02
6.136766957489200175e-02 1.117897518549259249e-02
6.142635274563081754e-02 1.112452061522211690e-02
6.134632392263609374e-02 1.121746441711723302e-02
6.121403430831885012e-02 1.113086840532194130e-02
6.128883168424724415e-02 1.121375253231820385e-02
6.122626071443583451e-02 1.140793120156617657e-02
6.124881186320391135e-02 1.145346106129298269e-02
6.119181688692485604e-02 1.160447196986537366e-02
6.122356343159428282e-02 1.183155180975694470e-02
6.147413484901387976e-02 1.207505721582022989e-02
6.154698312391948534e-02 1.218988804068659067e-02
6.171854146462886492e-02 1.255363485787776463e-02
6.187589933106323742e-02 1.282757249700063051e-02
6.201797148507839919e-02 1.313457796239467928e-02
6.194993978667556744e-02 1.314922732495498597e-02
6.204673237649449558e-02 1.311051671806473529e-02
6.185717314741077943e-02 1.311231279135458873e-02
6.198838626208114100e-02 1.317239276927920436e-02
6.207826753275239029e-02 1.298667733469225857e-02
6.206381988383870979e-02 1.277396285619787283e-02
6.198722362581775280e-02 1.290219208612031557e-02
6.177350869340918205e-02 1.272640826583449486e-02
6.177231859329705005e-02 1.248491687534558289e-02
6.191364339773131054e-02 1.226201871851408803e-02
6.209886042588143307e-02 1.211387008393515277e-02
6.219655516151962465e-02 1.197103247916605356e-02
6.219444335799897972e-02 1.174680128537329560e-02
6.217552992083236890e-02 1.162210428090602876e-02
6.224596678659468502e-02 1.146941464457931770e-02
6.227352467821212212e-02 1.136135657126016371e-02
6.240929554341680119e-02 1.128614370058982248e-02
6.258260532866183334e-02 1.129777203978857107e-02
6.266777571703609218e-02 1.122624213365229495e-02
6.258686014462214176e-02 1.111420024181967829e-02
6.241384954888083009e-02 1.111309149295647281e-02
6.234656603229674771e-02 1.096708680708478184e-02
6.256299489230367217e-02 1.101622733068324637e-02
6.250690081348711513e-02 1.084804163382309741e-02
6.234341018640500443e-02 1.092854025507886649e-02
6.226992566567022408e-02 1.104731391074503799e-02
6.229482830245706981e-02 1.104321181042847502e-02
6.223084793786251567e-02 1.090798210787967577e-02
6.233154039420273074e-02 1.074937276379242176e-02
6.233841426264757901e-02 1.059993904995779404e-02
6.238375458020618131e-02 1.049023085706009099e-02
6.237407232516807565e-02 1.046278354904573056e-02
6.223198976817989614e-02 1.048762397605398564e-02
6.215947355617272574e-02 1.071550078770770742e-02
6.208808918762882129e-02 1.076942334993854881e-02
6.200493115035324299e-02 1.067688692846643049e-02
6.190491447113963958e-02 1.074594300762137487e-02
6.173327665171648299e-02 1.061890970347594519e-02
6.148433683658349053e-02 1.080346572672113460e-02
6.138358862030795365e-02 1.098863042791703264e-02
6.114794838198745613e-02 1.103736055423032610e-02
6.118327729444195812e-02 1.125979109742510607e-02
6.114224505606548343e-02 1.111961863031095919e-02
6.131759881744714563e-02 1.124172612673704323e-02
6.150952118587939277e-02 1.132958183453388647e-02
6.151131507454492275e-02 1.142618529830352787e-02
6.142129523627319621e-02 1.142959300017179838e-02
6.155255994968967387e-02 1.153763505291252253e-02
6.162069068439554598e-02 1.155526112216937601e-02
6.157786747018598877e-02 1.164051775118986679e-02
6.172637906449318645e-02 1.169148472475936736e-02
6.171523165473659367e-02 1.168629707420940772e-02
6.176185403468870821e-02 1.176972704519940391e-02
6.163203242168791701e-02 1.148924999321390521e-02
6.161733135635175801e-02 1.138596397167303265e-02
6.165590225131450941e-02 1.125784303669960518e-02
6.179352900690383843e-02 1.103667832726045427e-02
6.184985902514822387e-02 1.112463775269818822e-02
6.179262186765754200e-02 1.106862908229002893e-02
6.165821462415475851e-02 1.091489061822463816e-02
6.151601056044186250e-02 1.081979631374928481e-02
6.124393661393340293e-02 1.089046162879885732e-02
6.137987975237109428e-02 1.090379730392769878e-02
6.141326955065688070e-02 1.090132056411392651e-02
6.133187377700889675e-02 1.098131443311933970e-02
6.130568949394745587e-02 1.105577007138441870e-02
6.125114462587125802e-02 1.110497446923715617e-02
6.104705785304116727e-02 1.086425196248327202e-02
6.109535261493407449e-02 1.094315019037147250e-02
6.130020962388569444e-02 1.105522318709338363e-02
6.151951178503747147e-02 1.127994696165807338e-02
6.165765327973124488e-02 1.142364957363279851e-02
6.162681928385409236e-02 1.162411850453986227e-02
6.166011087807468649e-02 1.195363017785860613e-02
6.172146095497385576e-02 1.216243917222628416e-02
6.170440091147837147e-02 1.236272136976784841e-02
6.164514640946196222e-02 1.273234399417346764e-02
6.168954629826062241e-02 1.299853110631609202e-02
6.182798989529054989e-02 1.319143499525164860e-02
6.191033275560121202e-02 1.324658573247582995e-02
6.187287414651247014e-02 1.317743020089892809e-02
6.190479920619872123e-02 1.301209720729706691e-02
6.199431928564713007e-02 1.292235793720737137e-02
6.194396556733646614e-02 1.268009683074558698e-02
6.207652565895192126e-02 1.243245228978182883e-02
6.209759708883932222e-02 1.230236259216661333e-02
6.206655628185877432e-02 1.198076685309894251e-02
6.222862794342258475e-02 1.222707076293114321e-02
6.208354225618643862e-02 1.199892628278191771e-02
6.193236958138376158e-02 1.204203453845189425e-02
6.194469003037675336e-02 1.207685037627763761e-02
6.200169832246126694e-02 1.220287792099264239e-02
6.190415505411006603e-02 1.211887120917907491e-02
6.191847162556383954e-02 1.221892357059010080e-02
6.176896841986950770e-02 1.219468006617305429e-02
6.177628004541853984e-02 1.213452601908061868e-02
6.192301647641162282e-02 1.220993540191108416e-02
6.190257296997498521e-02 1.196955556908809067e-02
6.186104138889410992e-02 1.195094496246574926e-02
6.191804635202726587e-02 1.188076879520701991e-02
6.197973473360866153e-02 1.184185116915390489e-02
6.205040545820419279e-02 1.184042138454367149e-02
6.211981534247115744e-02 1.196436438152730618e-02
6.195693599408298724e-02 1.197091939884945694e-02
6.177709355790778067e-02 1.211175172654150971e-02
6.168963992501769189e-02 1.223216842776458577e-02
6.161412599230849108e-02 1.228847451917104358e-02
6.171412394617069308e-02 1.234890393295900307e-02
6.187028921577941015e-02 1.249947989322992316e-02
6.196140927247646701e-02 1.265623553155685761e-02
6.200848438981390598e-02 1.276905015622451650e-02
6.197001544398662853e-02 1.271230214652467258e-02
6.180368563751113126e-02 1.258393403691256997e-02
6.191476941552969543e-02 1.250489984216715707e-02
6.200360331487849569e-02 1.247792482912736360e-02
6.208922602451914796e-02 1.228315776772605228e-02
6.203408860310042489e-02 1.211277839594768028e-02
6.170694131748696853e-02 1.190284452810863418e-02
6.151170830692461594e-02 1.173123895790179581e-02
6.139220769150464940e-02 1.141864532749697209e-02
6.115296719228549560e-02 1.123248422954635679e-02
6.106458145301388307e-02 1.094980871727505023e-02
6.117717282988079097e-02 1.086652105895580603e-02
6.108167187319054475e-02 1.079118647350127067e-02
6.108626707442769976e-02 1.055009455717586912e-02
6.106421901343427744e-02 1.051114873906590190e-02
6.098549805220614128e-02 1.041360942384444814e-02
6.098155490931714273e-02 1.047269633396570934e-02
6.098676222148609327e-02 1.060977943018563685e-02
6.088987974998037039e-02 1.053936357842880089e-02
6.096005570917963773e-02 1.052077284148490721e-02
6.077444045522276822e-02 1.075820748861957069e-02
6.059776093896094423e-02 1.078452066451658468e-02
6.059924606738758407e-02 1.073738032053838873e-02
6.043547830510452579e-02 1.081153760153759878e-02
6.036499233730960312e-02 1.097601307807439912e-02
6.044896679990684196e-02 1.098184498474275538e-02
6.049680050203603415e-02 1.093752166182542993e-02
6.048045077353755850e-02 1.065760460187695734e-02
6.046025610621527657e-02 1.070071285754693215e-02
6.041915479209801487e-02 1.064623311208177762e-02
6.045469509296405586e-02 1.070236380936332235e-02
6.041939988614208890e-02 1.070390698637934714e-02
6.036860175282451196e-02 1.072379747077087733e-02
6.038374848152432139e-02 1.086432644777001258e-02
6.029554749905334521e-02 1.074431358995911294e-02
6.019781156764204139e-02 1.077023290929803902e-02
6.020344748229893017e-02 1.079361442337163461e-02
6.028001586035223319e-02 1.087918449396886242e-02
6.037685880056051918e-02 1.097916257815260976e-02
6.038642412618202421e-02 1.107411935532479595e-02
6.044053581446215406e-02 1.101569823547605617e-02
6.038514039931282273e-02 1.115732649463295999e-02
6.024388591897608669e-02 1.113887370111115403e-02
6.005330719853757548e-02 1.098210391474092537e-02
5.997306823548808480e-02 1.104283636713261456e-02
5.999488493436180153e-02 1.124173153628300892e-02
6.003755626516544402e-02 1.150837856386231935e-02
6.000362468004538652e-02 1.157182972921994707e-02
6.004996659584521668e-02 1.167930128292090503e-02
6.013171149326735493e-02 1.167700597095639239e-02
6.008644441263873148e-02 1.154184419982133558e-02
6.006178811825272496e-02 1.164242201539900101e-02
6.023378546442305359e-02 1.165306415275658113e-02
6.035119674674407908e-02 1.182652977453727342e-02
6.039118202991702183e-02 1.188067683292562751e-02
6.041485004186725877e-02 1.174171412754259486e-02
6.032214623655944574e-02 1.146192148715129838e-02
6.031580416809476791e-02 1.154793025112027700e-02
6.019830508468155400e-02 1.163425797024168588e-02
6.000512229203963654e-02 1.158201247128948924e-02
6.001464018010423118e-02 1.166559931911244873e-02
6.005643433222383060e-02 1.153772514265877062e-02
6.001245930084280616e-02 1.176400946720441119e-02
6.011287046079288876e-02 1.175753309635820497e-02
6.013374173747962348e-02 1.174683779980855401e-02
6.013657842015947969e-02 1.168389596400940325e-02
6.000835262321811692e-02 1.184006123361812900e-02
5.991287205635497520e-02 1.195085019138164388e-02
5.985965252704002204e-02 1.191691798208321419e-02
5.985675966830593386e-02 1.184920118167333454e-02
5.986324280108459850e-02 1.180757691010296886e-02
5.994160132273312902e-02 1.189145129609987285e-02
6.009002678042380668e-02 1.192502116984842792e-02
6.019867792723416350e-02 1.196817561471856181e-02
6.044491296938504094e-02 1.203881377800858181e-02
6.044313863830878125e-02 1.235732919676855134e-02
6.069306798423430849e-02 1.243481990240874815e-02
6.054453600010002712e-02 1.255484607602509912e-02
6.059174385937304841e-02 1.252910277498947046e-02
6.054725741783895110e-02 1.271350400199629943e-02
6.044972788141212555e-02 1.279620170771625549e-02
6.025609443197951082e-02 1.273546249339211657e-02
6.011552529950456303e-02 1.260361510945744515e-02
6.006933609934850260e-02 1.253626771861908462e-02
6.000923479532921379e-02 1.249265106965820327e-02
6.016472262333565080e-02 1.229209922705626172e-02
6.018488691397676227e-02 1.224940168076064755e-02
6.034380064905422308e-02 1.210493798728064750e-02
6.034353433294522423e-02 1.204999333295175834e-02
6.033626307093146318e-02 1.193694984287792075e-02
6.039862265233134769e-02 1.207488057333855162e-02
6.049039435125763003e-02 1.201232957723531551e-02
6.037688376769572568e-02 1.200094466760495693e-02
6.026198043410749966e-02 1.201860704323760680e-02
6.007843495566031478e-02 1.199398549478144366e-02
5.982064304273525257e-02 1.197342256221466984e-02
5.972702876922976467e-02 1.179504299210386298e-02
5.981500379912702003e-02 1.176618774572258178e-02
5.970732012880642509e-02 1.155929331450732123e-02
5.968910993261516279e-02 1.168172403130476704e-02
5.970432656929359344e-02 1.134413819451550107e-02
5.980191519460710536e-02 1.135438543501769010e-02
5.993892442971868184e-02 1.127567830974365165e-02
6.000148957386520349e-02 1.125885867895438930e-02
6.000504198108802534e-02 1.124275290017294655e-02
6.003554349794784639e-02 1.135342430434147128e-02
5.991843306960620980e-02 1.131727490940581671e-02
5.961211544878745883e-02 1.115733606536812618e-02
5.964637826456807568e-02 1.118175798077226425e-02
5.955266953206768410e-02 1.095466253642118047e-02
5.949075811074498732e-02 1.098775179281676409e-02
5.942651351063601983e-02 1.096319932010137756e-02
5.949175721227267094e-02 1.090612164018690475e-02
5.947683102660061838e-02 1.077014781297883257e-02
5.951167099932374444e-02 1.065713397137806918e-02
5.945758469429774512e-02 1.052589797016708836e-02
5.937926986513584332e-02 1.060973261680710038e-02
5.946304459065133302e-02 1.047003962271889771e-02
5.949333513521854605e-02 1.040765590642163223e-02
5.961453226747669837e-02 1.047976442591662047e-02
5.968902379599864971e-02 1.045502168282491130e-02
5.972095218463625843e-02 1.051497058328962515e-02
5.965021196818103694e-02 1.054084402551758691e-02
5.971263396741895851e-02 1.057122902907970709e-02
5.981335596820250983e-02 1.060208227045692474e-02
5.977845815494947646e-02 1.084281788495679820e-02
5.981399179791278137e-02 1.089136751968840418e-02
5.980839624679117755e-02 1.105473892869985458e-02
5.970193846280985595e-02 1.116242759244749291e-02
5.960337778369847322e-02 1.123658456135750820e-02
5.943601308946811629e-02 1.127128794304503231e-02
5.944726952238182233e-02 1.119574717066547549e-02
5.952668290549338603e-02 1.125254969194388471e-02
5.950048031319945391e-02 1.131755891056893983e-02
5.950070044010830062e-02 1.143162220408676377e-02
5.966914205010446365e-02 1.133468064369435799e-02
5.976019469553642965e-02 1.132197580484872734e-02
5.984513122507745253e-02 1.143696662743995569e-02
5.994932490601327657e-02 1.137139523215353887e-02
6.008543698873263644e-02 1.147935988677508366e-02
6.016409553212272165e-02 1.149644416919767126e-02
6.005286736083880611e-02 1.156662772256723641e-02
6.000519469673176731e-02 1.156857755179815060e-02
5.992995040908295767e-02 1.154101581108070255e-02
6.003562921844542849e-02 1.144932910444388871e-02
5.997783654219610711e-02 1.133705335377804824e-02
6.011052937574715149e-02 1.110786306275232151e-02
6.024684910180773401e-02 1.104416659529116121e-02
6.025249084212950385e-02 1.114198346183247271e-02
6.027233721791547261e-02 1.093004827004612385e-02
6.029685078351180311e-02 1.105881522964335777e-02
6.021846687860913511e-02 1.102326473386378188e-02
6.011526189622799082e-02 1.098581111820210073e-02
6.003677895502228246e-02 1.093912236728218981e-02
5.984428192636106342e-02 1.083038029848775070e-02
5.984720349730066752e-02 1.083514277953086594e-02
5.966337089679846217e-02 1.108507233351585693e-02
5.960510009990969277e-02 1.094567124685026129e-02
5.959629502355561631e-02 1.085595111823090160e-02
5.976616225697280183e-02 1.093489584740844726e-02
5.991282503491698191e-02 1.087817332499247357e-02
6.015002114188056775e-02 1.091546673486982859e-02
6.022770555087818278e-02 1.098013650448563007e-02
6.044127900285385657e-02 1.100360831636493578e-02
6.038132292433776721e-02 1.117524166250970924e-02
6.028454989210808856e-02 1.116184887505904978e-02
6.019769255763084137e-02 1.123298596493453941e-02
5.994838281277767300e-02 1.131446090520711947e-02
5.980034642627748975e-02 1.146309483847688347e-02
5.961067193225284139e-02 1.144075965542844589e-02
5.952087222088996848e-02 1.137074879141081706e-02
5.929451393120623720e-02 1.143018950664408465e-02
5.924769264641020078e-02 1.154309463717691393e-02
5.911619199356590859e-02 1.180331502012099860e-02
5.913828665987839323e-02 1.187962280370044761e-02
5.916397742590032149e-02 1.221181001764714939e-02
5.914497327480908867e-02 1.225569277465757799e-02
5.912928475927499428e-02 1.237229501776776486e-02
5.933938112155243139e-02 1.240788150783394758e-02
5.935199992781127476e-02 1.244093778680509590e-02
5.934244833411414510e-02 1.266673826907612800e-02
5.952923329835605598e-02 1.274202323234941564e-02
5.957569006297790126e-02 1.274193147812748526e-02
5.964531091953744618e-02 1.263935493934576805e-02
5.965707044022582756e-02 1.278096135225935751e-02
5.967627183168529303e-02 1.260298687391748530e-02
5.974496474305252686e-02 1.253591224903139595e-02
5.994538009864859573e-02 1.248997074366265531e-02
5.990514264740994660e-02 1.250253763908619822e-02
5.992914605120996940e-02 1.276907241858675490e-02
5.998388316622734612e-02 1.280341336069467512e-02
5.996871271874906068e-02 1.273197843370196640e-02
5.988635071696807310e-02 1.272260733158652075e-02
5.988213792901871113e-02 1.272090301251859942e-02
5.996535713577554744e-02 1.260745515888393384e-02
6.009839493191155430e-02 1.263542792106493381e-02
6.026248893142813895e-02 1.258945832766907025e-02
6.049043679538750051e-02 1.252666265364068415e-02
6.060509170598030182e-02 1.256122777981693271e-02
6.074974712625284129e-02 1.243121412793440385e-02
6.084914794946436750e-02 1.238584031280271988e-02
6.095387259814254166e-02 1.248615378883624963e-02
6.107670008433051939e-02 1.256978505735395317e-02
6.100424545792353104e-02 1.276085365379141766e-02
6.090134798742452560e-02 1.270281900438992827e-02
6.063624320059367301e-02 1.279336804189857256e-02
6.063390169942900476e-02 1.277365336775088123e-02
6.061828225963568351e-02 1.286511620240855976e-02
6.069162904500782080e-02 1.272976104000528297e-02
6.072612738409735589e-02 1.278411022815918556e-02
6.065667880077082325e-02 1.272567745698067673e-02
6.067144561289639082e-02 1.266730637543210351e-02
6.076639770873071972e-02 1.257107315347182064e-02
6.092084024600930708e-02 1.234197669726262367e-02
6.103578810432200991e-02 1.225511176861507519e-02
6.119557693748892135e-02 1.190379182283075356e-02
6.123550770908329360e-02 1.176632766570954135e-02
6.109513332026306198e-02 1.159511043848509421e-02
6.099550488000211879e-02 1.164486921076943182e-02
6.097027475762498150e-02 1.153438693265019209e-02
6.105197513032264989e-02 1.159473104205948658e-02
6.111662627861676189e-02 1.159013615291152981e-02
6.116547198196017193e-02 1.157283080731251988e-02
6.122488710587985217e-02 1.171010854315742734e-02
6.136179439185594081e-02 1.180003517079099458e-02
6.144339864108301630e-02 1.187526603860464269e-02
6.140989981964009581e-02 1.185987629645534822e-02
6.144145911079536976e-02 1.185442545068828360e-02
6.151926461039880500e-02 1.194065787857694072e-02
6.163014407402748335e-02 1.206597999769226486e-02
6.157845627845826009e-02 1.195856794899691211e-02
6.153583654640073369e-02 1.183624791983227224e-02
6.146270447839147222e-02 1.194746402366750337e-02
6.151176406685994469e-02 1.171514930372851392e-02
6.137717664386466848e-02 1.183442594313962627e-02
6.125920276876335724e-02 1.201168750574125449e-02
6.119615700726385721e-02 1.199385691403506184e-02
6.111386532958040796e-02 1.208119642631124042e-02
6.104712235147382454e-02 1.177926521906136337e-02
6.093763855070390145e-02 1.173216939980764248e-02
6.103467457009122132e-02 1.163199417928539349e-02
6.109760714724439545e-02 1.158612029324120572e-02
6.115904294464116070e-02 1.138516065409734927e-02
6.114840028713493247e-02 1.155509665116611490e-02
6.117615000957463828e-02 1.127852425106948449e-02
6.138252959765572864e-02 1.083867271633198216e-02
6.157911499470912486e-02 1.102029021179156722e-02
6.165532218153958743e-02 1.069837359302146067e-02
6.162331805925847644e-02 1.077048315281374860e-02
6.174874628869848198e-02 1.041563919992292628e-02
6.161830549074424901e-02 1.035501514650998683e-02
6.151023399758991095e-02 1.022110027571968352e-02
6.130988730161568423e-02 1.013150061352776146e-02
6.122197760238892728e-02 9.945253378960638296e-03
6.130973208925840495e-02 1.005572650246363067e-02
6.113326770647839470e-02 1.030908269172776774e-02
6.080548667174928701e-02 9.962440650816009949e-03
6.080153021305483713e-02 9.842124234252732501e-03
6.081392223450211160e-02 9.812437894357832827e-03
6.061051123879861863e-02 9.678660290796373480e-03
6.058239325111441920e-02 9.233992751719629147e-03
6.053098175850828155e-02 9.193319311882202499e-03
6.065166082271061798e-02 9.241373661068891243e-03
6.047933141364187498e-02 9.215011799258199937e-03
6.003647269149691573e-02 9.202889734960485388e-03
5.977332283135374652e-02 8.802746296180120542e-03
5.993185498538129014e-02 8.821310505542846042e-03
5.988972627364975987e-02 9.133104303367943141e-03
5.979795915203158646e-02 9.249430867693411371e-03
5.972608958882659469e-02 9.220104834768651572e-03
5.974801489473850757e-02 9.603392024294764642e-03
5.964663001651487884e-02 9.608956366497349924e-03
5.944781796711880867e-02 9.458674498273367259e-03
5.953371697972256044e-02 9.158599545512190881e-03
5.979421824293786047e-02 8.991145489743702923e-03
5.976763906302103718e-02 9.292312754670732644e-03
5.951715419833686349e-02 9.064126870688936355e-03
5.943406606903992723e-02 8.993551437326156861e-03
5.950538801974575992e-02 8.846622551332422590e-03
5.961168975913196111e-02 9.395193788472394614e-03
5.956302964482700774e-02 9.801174387422480552e-03
5.995226395394753771e-02 9.931157662623825086e-03
6.042830774386948739e-02 1.002173249950552916e-02
6.058517542221572572e-02 1.007987851273307173e-02
6.071715003451028103e-02 9.501152567845944433e-03
6.113757079223347546e-02 9.219560941332355722e-03
6.118101069468295100e-02 9.156485843448969320e-03
6.114800955146874190e-02 9.267325047572114519e-03
6.110035103540500945e-02 9.557551453771637520e-03
6.084675276895899071e-02 9.684755366674402399e-03
6.069776804743938492e-02 9.487999672952855332e-03
6.033476379446153087e-02 9.453771395042612907e-03
6.004429780779362708e-02 9.411431711018476351e-03
6.000558376792228948e-02 9.262354507068836992e-03
5.999155057345325476e-02 9.337967450073637182e-03
5.987655486146470363e-02 9.214525928403856717e-03
6.004781734162173423e-02 9.594983873375814015e-03
5.995017462084857585e-02 9.303459540248935900e-03
5.999754684709512897e-02 9.001566511909996071e-03
6.021581994615694822e-02 8.477347594284735666e-03
6.042983656478274901e-02 8.333584228947643613e-03
6.060093967139330157e-02 7.859187021593421613e-03
6.091785750558841028e-02 7.453926412405229365e-03
6.094151636292240160e-02 7.716395710054210766e-03
6.086520389800510050e-02 8.161256744428906085e-03
6.077372764351225004e-02 8.418652096022903597e-03
6.071863349846123165e-02 8.141045120260615234e-03
6.052188290219646938e-02 7.900713037083728629e-03
6.019072381407215150e-02 8.023272542687014813e-03
5.996447704425907077e-02 7.617684812012581741e-03
6.004324419468736601e-02 7.466984172110158018e-03
5.996956950760600619e-02 7.348846528206271281e-03
5.977625688586095387e-02 7.418492455930775394e-03
5.967561686050470993e-02 6.999890554008316584e-03
5.941345028937026346e-02 6.138664562495239896e-03
5.936447850199397941e-02 5.999251928529604483e-03
5.933127470886557370e-02 5.568240736224676184e-03
5.966695909024843231e-02 5.314416985338691474e-03
5.978185326922040577e-02 4.664159911965958666e-03
6.004076703875467491e-02 5.003033064650115602e-03
5.992919182429121139e-02 5.008395849250667740e-03
5.987487498938336150e-02 5.354872196809838496e-03
5.958372698380504789e-02 5.530475629543700131e-03
5.976909631148000224e-02 5.306667862759806460e-03
6.013033289128431880e-02 5.734413048190692593e-03
6.032504117588814024e-02 5.575721780691001057e-03
6.032726325092265668e-02 6.040849627005793684e-03
6.023891496235388859e-02 6.522533180684634418e-03
6.016775072071884473e-02 7.112608951175650694e-03
5.988511858884500161e-02 7.339604735045315853e-03
5.976327397554682258e-02 7.262324273489609121e-03
5.982739582057428757e-02 7.150658969279887964e-03
6.005611891408222519e-02 7.355859588429966393e-03
6.000523797309949281e-02 7.938754680794694180e-03
6.005073849644242817e-02 8.116734880771721630e-03
6.009809615852675785e-02 7.809005420471169107e-03
6.046193223322634397e-02 7.763372571311582399e-03
6.075944061650181277e-02 7.161891085244191137e-03
6.121102119121677593e-02 6.496233112533612332e-03
6.155538997446680788e-02 6.095383155841400773e-03
6.178125849218131516e-02 6.543569760612468790e-03
6.155894363004638103e-02 6.715940053365136199e-03
6.132077214033354595e-02 6.590308445802819590e-03
6.126299444436536512e-02 7.018855277831853937e-03
6.144022698267229826e-02 6.887283416637304638e-03
6.144652993595844936e-02 6.959053085293985183e-03
6.122322346243638802e-02 7.353883985833426472e-03
6.110140756134371798e-02 7.728614157896843140e-03
6.104402725894444298e-02 8.175886263318200842e-03
6.106673153947520666e-02 8.495168797307784889e-03
6.096725165366881360e-02 8.119216327930780033e-03
6.118444450801347606e-02 8.093541166368355827e-03
6.143003623031352556e-02 8.171142871730551621e-03
6.129423748514117865e-02 7.720429176756351750e-03
6.127584128379254258e-02 7.849999818033328441e-03
6.141044659990138599e-02 7.773261117304451802e-03
6.156267746511844691e-02 7.461242043098865497e-03
6.149178869420866139e-02 8.098483540822215207e-03
6.146118231538092586e-02 8.471049582410752898e-03
6.154356470698900405e-02 8.715852343237880454e-03
6.168442761942170838e-02 9.282462075499611776e-03
6.176337952665062608e-02 9.216701398119314312e-03
6.193077002025403760e-02 9.005587937170878021e-03
6.222722562266108648e-02 9.089286616953675887e-03
6.215860053867787449e-02 9.272860859621223986e-03
6.231351911600131743e-02 9.255949968751250520e-03
6.212817517158047281e-02 9.643485056260635291e-03
6.222591734477559561e-02 9.888017443819280619e-03
6.189126244160162577e-02 9.756738062210853699e-03
6.164130812854087815e-02 9.455072546891603313e-03
6.137249780272452382e-02 9.060128566035564532e-03
6.138921579646749310e-02 9.229304781970681590e-03
6.108911416008056677e-02 9.135390278664178715e-03
6.093118080117938817e-02 9.167947839109317695e-03
6.082914927415355999e-02 9.196208347523720725e-03
6.062411957585000372e-02 9.649458885488251814e-03
6.061000398983473758e-02 9.319214218691357701e-03
6.034538439766498619e-02 8.638823061465456324e-03
6.048354045652096916e-02 8.767216346272237865e-03
6.057791581153173371e-02 8.919220322647984991e-03
6.089149304303447668e-02 8.867900584263777725e-03
6.103576521778138891e-02 9.004550396657916636e-03
6.126477127215513435e-02 9.302130664476876767e-03
6.142334170912335661e-02 9.108991720366199293e-03
6.155185171528728544e-02 8.963970999696481770e-03
6.147124531923114921e-02 8.990560426541727157e-03
6.153125882215824960e-02 8.986116328487522495e-03
6.164448145142727153e-02 9.473703881437660693e-03
6.172356069104581455e-02 8.992937817963272962e-03
6.189234767974583634e-02 8.894607980822932108e-03
6.176458751987632528e-02 8.805615540165491473e-03
6.162002988755005406e-02 8.620609016174186554e-03
6.141879560991878734e-02 8.597006230864708345e-03
6.116480910452009451e-02 8.461747764095542412e-03
6.099219174115848990e-02 8.622420693923549262e-03
6.112699263315989062e-02 8.610591057197093320e-03
6.109816100152735269e-02 8.442325049385321009e-03
6.126888127873120204e-02 8.121327117161561068e-03
6.145929563219617447e-02 8.336439636978911633e-03
6.143523397174731338e-02 8.463662483292552080e-03
6.136720643453367346e-02 8.168307775504080742e-03
6.137684832603652885e-02 8.206763561570499035e-03
6.142600070902422965e-02 8.119149618866366991e-03
6.144627943236841833e-02 8.280956628796853902e-03
6.119958291433489489e-02 8.034207887838828305e-03
6.120120161693495819e-02 7.824937781692567138e-03
6.144290179509213912e-02 7.743936748855370818e-03
6.158013406994499589e-02 7.618866485716573912e-03
6.163488491688674797e-02 7.798495556915387844e-03
6.162320279431755116e-02 7.605533203271524871e-03
6.183373275250996642e-02 7.690415273248860963e-03
6.196024122666713568e-02 7.555871334680757528e-03
6.196114129189179975e-02 7.343211887913586068e-03
6.209689759293426231e-02 7.030505749355678465e-03
6.242895216897511451e-02 6.949198557022853370e-03
6.232662935870506710e-02 6.891468506671039745e-03
6.224465601199567072e-02 6.985223480386462853e-03
6.221257740442781570e-02 6.724622556689739857e-03
6.216431842876206371e-02 6.515598012721337921e-03
6.222128386059776889e-02 6.165179432533307580e-03
6.219331234677352716e-02 6.506477882329712858e-03
6.215165301718413027e-02 6.707321632354259697e-03
6.206301094865760565e-02 6.930802355674209499e-03
6.200148693404973488e-02 7.348681927165850308e-03
6.180533263619778644e-02 7.815587797612327456e-03
6.175150931832944223e-02 8.027981188344817179e-03
6.173039461207430884e-02 8.018738614960885247e-03
6.199457603102098008e-02 8.121591248646236466e-03
6.198940658567377721e-02 7.749690737255894406e-03
6.203522086268262875e-02 7.951421184684788479e-03
6.200167460368279093e-02 7.545463524290185568e-03
6.195902449494409409e-02 7.529223651186667775e-03
6.211543319412120984e-02 7.126135546866624489e-03
6.201124117766106114e-02 6.859145221178043414e-03
6.216064493093343551e-02 6.492742993111682431e-03
6.220272495675129021e-02 6.530892879756798608e-03
6.214572706763978743e-02 6.239490105369518980e-03
6.195318093694597572e-02 6.001151751969639042e-03
6.183621032456156769e-02 6.154989512412390763e-03
6.165170902095439692e-02 6.241719670544620437e-03
6.174292145605177196e-02 6.486198222717949428e-03
6.169998089630668314e-02 6.491174588886114948e-03
6.169996425154987418e-02 6.942064042089287311e-03
6.184538741123041250e-02 7.103162141424138563e-03
6.200324586872594385e-02 7.177268187781279778e-03
6.211020882107653324e-02 7.527141496139090962e-03
6.221597876048254316e-02 7.754206511794124040e-03
6.211196817187165931e-02 8.217418858688933098e-03
6.226987947647006499e-02 8.145862424971487062e-03
6.219047067066663104e-02 7.868385070252880212e-03
6.199475662663238990e-02 7.664969653285860079e-03
6.180415501965326464e-02 7.579826988834669106e-03
6.184393765291198997e-02 7.496808663486603103e-03
6.175116643633909302e-02 7.811400861050883833e-03
6.149020452947898813e-02 7.876421262871923651e-03
6.133274221719561131e-02 7.371874159145563529e-03
6.155686844499072552e-02 7.649941830567516185e-03
6.176962755223930346e-02 7.610214385080584301e-03
6.182483488163665469e-02 7.678073862265271006e-03
6.198875660792023401e-02 8.056767202940726125e-03
6.200665845999153714e-02 8.111714614057461900e-03
6.227461782261582007e-02 8.192959388552235184e-03
6.231737529003596870e-02 8.220701932940565476e-03
6.245174508283590775e-02 7.859533908728379148e-03
6.246188548480530872e-02 7.892240439746994046e-03
6.247628819287558144e-02 7.980191178702265853e-03
6.234140366097119801e-02 8.011608625320579963e-03
6.247166885674106107e-02 7.736647593728040832e-03
6.262214744518461440e-02 7.704320147045840526e-03
6.278073827197992729e-02 7.590096439684231901e-03
6.294207922871963845e-02 7.764775984385241525e-03
6.295047609241287423e-02 7.584343699640471760e-03
6.310612246172794815e-02 7.647619470873182924e-03
6.317935148544563673e-02 7.465949544429636292e-03
6.330940071549585879e-02 7.326794384045951479e-03
6.331123538381555615e-02 7.370947670369458818e-03
6.311389514704070225e-02 7.048492177597530384e-03
6.294115794143004261e-02 7.415998213114915506e-03
6.292925194688170354e-02 7.499632238420469131e-03
6.272727281638305896e-02 7.653422925410358589e-03
6.265782340081868518e-02 7.675660424542251128e-03
6.272525588797625562e-02 7.389802954916950203e-03
6.265698159224286634e-02 7.163519930742937719e-03
6.251292746381019449e-02 7.225185737872912364e-03
6.248347331827283635e-02 7.356261221210377496e-03
6.241425942601735305e-02 7.500734017291758524e-03
6.242327422630727235e-02 7.564203387852151683e-03
6.211400673846233234e-02 7.819322204847918220e-03
6.180436307911343213e-02 8.108217446621320684e-03
6.168152269323892711e-02 8.206097875327710359e-03
6.159425464938730888e-02 8.148483662080341708e-03
6.143495267535717397e-02 8.588763175127397953e-03
6.123284038680402303e-02 8.462535841315772453e-03
6.131300528068568678e-02 8.215697816841902382e-03
6.129074832799425582e-02 8.039014815584123383e-03
6.143115267737676161e-02 8.075867711569451393e-03
6.137606976753660210e-02 7.979770768555573962e-03
6.177439960401758662e-02 7.382669350243522242e-03
6.186273582513768243e-02 7.350789647519593434e-03
6.206098653011021815e-02 6.905082227260956468e-03
6.223962346977324200e-02 6.931012313676945813e-03
6.215031893992557094e-02 6.773008318589035862e-03
6.218488052909099117e-02 7.061884210832643921e-03
6.211584223901988472e-02 7.437152138578282355e-03
6.200700758376567756e-02 7.804389049183949566e-03
6.184002946401230549e-02 7.811677944236954628e-03
6.188183568358059800e-02 8.303241617500529276e-03
6.170403389459066384e-02 8.570044117511447374e-03
6.159916610100391043e-02 8.423051929426959850e-03
6.147398504620257831e-02 8.681331793800975069e-03
6.140118379273496602e-02 8.600086291098089919e-03
6.145943503203448594e-02 8.755097142792100939e-03
6.152945078544942714e-02 8.489190494801778300e-03
6.154181825588039834e-02 8.620959336290234462e-03
6.168039251425130876e-02 8.299570512355693500e-03
6.186831764433491088e-02 8.408009490531540009e-03
6.192556770151214085e-02 8.280527818249460575e-03
6.186248157647736973e-02 8.405926867350180590e-03
6.192346047529961178e-02 8.308961744223910054e-03
6.194510323646464089e-02 8.331207565734207940e-03
6.191625579231310739e-02 8.407987696303088551e-03
