2.162449375247458075e-02 2.197126520637055977e-02
2.167494525873153027e-02 2.196024970631171858e-02
2.143482903724456407e-02 2.162105369736025753e-02
2.141031921671851176e-02 2.219909406031871438e-02
2.152181453634927771e-02 2.283332857869406832e-02
2.136434951929291545e-02 2.318175639395239976e-02
2.108728817946490738e-02 2.327275993735176962e-02
2.076308857625330101e-02 2.311620705296876105e-02
2.052467303279369853e-02 2.254796837117855821e-02
2.006712739335587276e-02 2.261388368875261873e-02
1.990003900208861878e-02 2.269479780475033501e-02
1.981864510097577220e-02 2.269717800497459206e-02
1.957744676223650143e-02 2.205779588749536002e-02
1.914913243665419817e-02 2.134687210852035180e-02
1.842807657808820040e-02 1.995916232261541259e-02
1.824723316785014857e-02 1.889384691201597549e-02
1.870890296190731369e-02 1.929351269829067059e-02
1.885793813784599968e-02 1.901445097078292498e-02
1.878246394449369777e-02 1.885382449022940041e-02
1.841613999879922192e-02 1.824536500195734698e-02
1.848459738685754791e-02 1.793498231540593957e-02
1.843298740552641590e-02 1.828833302555117613e-02
1.835128869730442980e-02 1.896501188185912776e-02
1.824949935149023511e-02 1.933815716098475843e-02
1.831742213076567941e-02 2.017327932993074821e-02
1.823317427803778160e-02 2.090324533487820588e-02
1.741226319439926132e-02 1.983726059699542424e-02
1.702932882170271958e-02 2.018820333097847558e-02
1.672960730994949366e-02 2.043626721578418667e-02
1.704024767814231803e-02 2.090590464686827715e-02
1.677372454997153040e-02 2.102488865064866888e-02
1.660680447880754848e-02 2.055354908512099441e-02
1.677615655700136904e-02 1.996340642351353278e-02
1.707416594745691726e-02 1.911615605251574743e-02
1.729376282483401778e-02 1.853121102831234435e-02
1.789248263365694411e-02 1.785687169660418738e-02
1.894698456993335056e-02 1.761510910060895552e-02
1.962259348046742000e-02 1.701536917625285153e-02
2.010830267261121476e-02 1.619795099483153922e-02
2.029203769322660000e-02 1.578944757089725121e-02
2.058510712791951358e-02 1.454581968936291374e-02
2.082674343182242330e-02 1.357229293453576964e-02
2.077998664545904414e-02 1.325760580984279048e-02
2.095212463982443901e-02 1.312028979105721305e-02
2.125731499448803297e-02 1.180976486338603491e-02
2.162934445072881018e-02 1.100570524363418158e-02
2.181186253156170915e-02 1.027455538035840395e-02
2.263827782821882864e-02 9.340806577452146972e-03
2.352020151631213987e-02 8.924319183823317680e-03
2.509831899777934319e-02 8.352052262824908105e-03
2.604567218460723810e-02 7.971794106949568054e-03
2.664758737061934113e-02 6.875263542043821667e-03
2.700791805953410216e-02 5.710368286071105560e-03
2.664200118217343802e-02 5.363765048248670189e-03
2.712151769254495318e-02 5.664307718676289856e-03
2.785973159061216897e-02 6.511185143091731235e-03
2.890127641594750219e-02 6.261620603422164526e-03
2.993362001971662176e-02 6.976863280671222189e-03
3.016964704057355229e-02 7.733694131174311155e-03
2.910527101843675066e-02 7.754554588769117969e-03
2.827190237462100242e-02 7.971602165595711997e-03
2.743782695281908254e-02 9.379482789512894048e-03
2.778301590646106711e-02 1.062112941183412061e-02
2.901499693150470793e-02 1.178455588505153764e-02
2.917260696600480069e-02 1.305993088341881984e-02
2.854805511878649033e-02 1.366811999842238584e-02
2.702330384855365641e-02 1.497144401418477530e-02
2.472290098114062612e-02 1.535549077678507839e-02
2.321157537175315422e-02 1.565904016648636890e-02
2.277396453337186821e-02 1.691582239933002441e-02
2.260645294916264689e-02 1.857094029431954896e-02
2.289378327170643601e-02 1.967878513917079020e-02
2.252708804390530020e-02 2.065295063654062901e-02
2.132467206009128896e-02 2.061431420284792412e-02
2.079613466031089708e-02 2.034192650267354144e-02
2.060558694073195279e-02 2.019379024763248362e-02
2.106821339218694147e-02 2.073823493746932214e-02
2.212201510435017962e-02 2.176895817416268919e-02
2.336743073679596605e-02 2.223147664275785737e-02
2.439844629703086243e-02 2.242091186840331971e-02
2.467685045261476182e-02 2.197309675379837193e-02
2.502632980038475494e-02 2.194369982461255586e-02
2.530925612833528557e-02 2.351899497950265400e-02
2.583323390504621564e-02 2.437449886122562345e-02
2.639697808637799306e-02 2.555010888031123209e-02
2.712383110568249850e-02 2.616189960859993668e-02
2.811591603614801635e-02 2.514315508323623424e-02
2.900999622237970116e-02 2.407650611552688419e-02
2.982620453804017344e-02 2.320657674322275030e-02
3.049777990384979973e-02 2.250370132834520615e-02
3.162639220371715049e-02 2.236115646323656031e-02
3.254299711516548538e-02 2.276182655252545484e-02
3.283084654606237968e-02 2.073799722953609259e-02
3.324111275377288760e-02 2.008879886672639350e-02
3.287057591609931356e-02 1.942427317960544741e-02
3.210121551684579078e-02 1.944994147520569261e-02
3.098196277179383895e-02 2.086338977677867912e-02
2.970492667871148587e-02 2.170540526772904780e-02
2.856849737686636970e-02 2.228695902676153945e-02
2.783392930471957974e-02 2.275044746855998251e-02
2.748932770293363581e-02 2.264634907885690676e-02
2.749968968822810375e-02 2.236811844486278136e-02
2.787274217283450262e-02 2.239387204484169155e-02
2.791437924006166804e-02 2.218689699058561463e-02
2.799267929700190519e-02 2.200681112484201285e-02
2.753276906179933509e-02 2.128982116424651266e-02
2.703921457159119690e-02 2.063441638774016901e-02
2.657326457831957200e-02 1.990863071346630001e-02
2.614597369722181097e-02 1.943457607601323592e-02
2.568455627928981425e-02 1.887501024879017011e-02
2.533836572740661222e-02 1.878702991337669048e-02
2.487619575840722269e-02 1.790025386255346407e-02
2.478627204360609598e-02 1.832356186140534152e-02
2.450627602509248756e-02 1.797205091703658886e-02
2.419664526543010424e-02 1.799019162136815744e-02
2.424162688847938604e-02 1.832608759922198585e-02
2.401145486889088437e-02 1.817642730863524084e-02
2.381705659288270785e-02 1.841348131098753671e-02
2.325643829688040995e-02 1.813289575599355899e-02
2.279307906000672956e-02 1.794135860965180920e-02
2.240958968870020163e-02 1.788778059388700103e-02
2.182188205098475192e-02 1.745422847542484057e-02
2.107902072875588936e-02 1.678497692572576347e-02
2.084935096470421842e-02 1.674771410058905480e-02
2.080935819139071233e-02 1.683199794760355597e-02
2.087797536911444388e-02 1.633883096813997307e-02
2.139893024992867501e-02 1.613427304466233392e-02
2.176606864437995517e-02 1.590943608575131479e-02
2.238702189517529847e-02 1.615326096711567835e-02
2.267833447578659900e-02 1.627700703582026995e-02
2.277490173721017502e-02 1.671865558011519440e-02
2.291734236452928203e-02 1.731098806754086464e-02
2.307905553964323744e-02 1.771557633258354428e-02
2.327312258499083727e-02 1.789753962286591907e-02
2.334377167140251619e-02 1.770852467732998703e-02
2.325077658285047005e-02 1.761579413638153860e-02
2.298587402981489003e-02 1.759582791834651133e-02
2.277180602050242128e-02 1.764039935217007887e-02
2.252824620689029486e-02 1.754593057846170340e-02
2.218978007052508153e-02 1.803462708833450737e-02
2.180408318834623632e-02 1.807078033237017115e-02
2.125444023692697054e-02 1.797865711698593688e-02
2.112596393639558021e-02 1.747010642909740605e-02
2.123917304179970614e-02 1.725390976344801097e-02
2.146163521003243216e-02 1.688099241346098511e-02
2.181597399455397976e-02 1.711530294377158062e-02
2.223200761050019708e-02 1.712917499618872574e-02
2.258197340128804617e-02 1.746814848554754940e-02
2.273338825730233936e-02 1.814129698893546250e-02
2.285164883833975397e-02 1.809487351382725942e-02
2.279533255201974737e-02 1.806664504656971607e-02
2.298711843344612357e-02 1.807642425731626964e-02
2.268787379397558743e-02 1.836734662241003638e-02
2.240993589964191193e-02 1.879204945188283835e-02
2.225609673479779851e-02 1.902777156160091049e-02
2.228746003394160846e-02 1.912991169566493135e-02
2.219383993477123257e-02 1.976607804612788913e-02
2.229513097817833675e-02 1.959966314333318541e-02
2.241540931986040278e-02 1.986909619111380115e-02
2.245930757730061483e-02 2.027158659261966284e-02
2.220607487132608346e-02 2.028626581171250401e-02
2.185782785973863079e-02 2.066406215604033383e-02
2.192378291666959023e-02 2.064293933546626145e-02
2.190522650953662109e-02 2.036721581796709091e-02
2.183500040800745792e-02 2.014529439627133281e-02
2.158874351961325225e-02 2.030358769803859709e-02
2.130635523342670062e-02 2.028245114554015974e-02
2.102383170859104325e-02 2.033753738433168382e-02
2.086058763196920948e-02 2.020428424665442896e-02
2.114574310897592360e-02 1.967792751807600007e-02
2.169365687822177868e-02 1.960093282618882715e-02
2.241046936409776466e-02 1.954968382802107357e-02
2.233119621306235009e-02 2.007379996427301541e-02
2.200855279058303027e-02 2.052142699312597615e-02
2.131327799584468302e-02 2.101849727209193289e-02
2.106376705749353484e-02 2.117371628727584068e-02
2.104671138324672522e-02 2.115683184596474017e-02
2.122347766030343794e-02 2.182377996938035525e-02
2.140276749055245245e-02 2.189061782260077679e-02
2.117580104306666933e-02 2.175911061588347781e-02
2.072974819208929856e-02 2.200777787312365938e-02
2.035876881194395929e-02 2.192580827148454120e-02
2.039323635823339295e-02 2.177739800213445570e-02
2.066753966185749455e-02 2.189275906653503911e-02
2.110540266830449041e-02 2.212428555320919768e-02
2.113796438993882643e-02 2.185837203925668909e-02
2.102009142367569985e-02 2.151256223618558394e-02
2.070794917826969742e-02 2.088919528759289670e-02
2.038040845221707198e-02 2.033598442852103255e-02
2.026388641602878266e-02 2.104753998004682200e-02
2.060428979402757071e-02 2.067417540625018230e-02
2.079765463869711478e-02 2.067502782585847049e-02
2.104326279769453203e-02 2.056353666741690331e-02
2.132273450636852641e-02 2.014282504256839634e-02
2.165254911426127069e-02 1.966256347127003437e-02
2.181045438513532636e-02 1.980170677226448725e-02
2.206666629451992448e-02 1.997061776440276284e-02
2.203282563138396488e-02 1.994741892653519380e-02
2.175750387670237138e-02 1.992235088247752001e-02
2.146163604227027677e-02 1.936754930480298620e-02
2.083773125997306908e-02 1.942234821348003126e-02
1.989701121679460921e-02 1.976070636698541716e-02
1.922715941555296765e-02 1.956739145658630691e-02
1.865444745536926768e-02 1.965951560823811506e-02
1.859570061843564270e-02 1.964124694733854898e-02
1.864577470483185645e-02 1.939792931493805953e-02
1.875837710885015081e-02 1.949069158495419021e-02
1.926743473361337139e-02 1.912784462492821830e-02
2.011821524947172979e-02 1.863197318457171167e-02
2.095807763709860508e-02 1.783660576891679672e-02
2.168745254511974044e-02 1.725048489667427992e-02
2.274292674325349012e-02 1.613246740063731602e-02
2.402570694191201103e-02 1.549327056010735976e-02
2.460559008750912505e-02 1.509770136057353267e-02
2.478375910144624966e-02 1.412751832933065860e-02
2.451946595456947972e-02 1.370986060123841402e-02
2.432192806130745871e-02 1.260979093841344857e-02
2.436732746775274391e-02 1.278877388095872765e-02
2.393883962058067014e-02 1.322072675038035022e-02
2.417332783367024188e-02 1.366873088700485545e-02
2.467897557194086156e-02 1.325853697995674901e-02
2.528486302916638576e-02 1.322502161778675578e-02
2.498939050770859413e-02 1.247366491571027039e-02
2.542710599999833954e-02 1.191684016784511427e-02
2.719415978052553209e-02 1.251527597550491748e-02
2.973106435645385404e-02 1.260901685319191536e-02
3.371393890414342565e-02 1.335860598612458733e-02
3.824881267663860634e-02 1.393904444242087884e-02
4.114703164660934304e-02 1.410434966008481013e-02
4.130699400136603194e-02 1.479069839189300038e-02
4.057760869037189272e-02 1.584600531022077943e-02
3.857176225861355667e-02 1.500968323636059885e-02
3.709086617751267828e-02 1.474403390590763030e-02
3.581437114305648095e-02 1.423068287015422616e-02
3.417906539807172989e-02 1.273699026425529832e-02
3.225162128447829624e-02 1.197988628369588138e-02
2.875741994400199050e-02 1.128812821398292657e-02
2.379397551666958405e-02 1.065293859865570035e-02
2.103689430567841703e-02 1.085463268769393079e-02
2.059226062827881551e-02 1.046857232563818026e-02
2.102876958375907504e-02 1.038224096547621551e-02
2.216535191333714183e-02 1.145581979563262479e-02
2.306422079610392570e-02 1.281903011196965439e-02
2.360616752406205499e-02 1.407686814254389962e-02
2.343991615600303155e-02 1.668882843598063284e-02
2.360989178839896160e-02 1.876562225940165557e-02
2.433419940826784394e-02 2.020235199844790108e-02
2.541982849620078033e-02 2.002379235287432210e-02
2.609383961411052694e-02 2.039665675172873047e-02
2.687329568254951187e-02 2.120229543875348788e-02
2.702543999503113914e-02 2.051529267203227799e-02
2.903064445932514864e-02 1.840586477429963924e-02
2.984215999386165274e-02 1.593115161571252367e-02
3.093012538147275198e-02 1.203014055933738710e-02
3.160578973985295193e-02 8.787620581485773921e-03
3.255306386408598346e-02 6.354179761892161070e-03
3.580533761741514637e-02 7.007028059796625548e-04
3.777902481856482142e-02 1.557806873010738041e-03
3.874648924087147756e-02 1.525412639241826651e-03
4.049368208145048137e-02 1.503657942087242025e-03
4.390097927407100864e-02 1.260462232530408727e-03
4.541792831454775220e-02 1.687438189627784050e-03
4.556503633973668643e-02 3.826155813909382086e-03
4.371491440362072073e-02 7.254525684774070296e-03
4.198309164357202222e-02 9.242924198188319507e-03
4.016480446933658188e-02 1.046051151373332544e-02
3.514294734856358154e-02 1.503415789483788720e-02
3.188502374059370287e-02 1.435424236153792082e-02
3.053561041922356681e-02 1.343308594133907526e-02
2.800484879885653880e-02 1.202681902009305331e-02
2.456005617062285290e-02 1.270909634035505449e-02
2.177247489918808857e-02 1.461378304023308768e-02
2.137536262666796597e-02 1.477247373556926126e-02
2.219340977183734825e-02 1.426947017296298012e-02
2.311393005023674313e-02 1.427692941669899546e-02
2.345761286144661811e-02 1.397927341523653305e-02
2.402907584069095825e-02 1.401578077647339451e-02
2.435604440322813521e-02 1.375084181303228709e-02
2.392325326224151519e-02 1.388575370475568678e-02
2.372123418432651315e-02 1.432835620167545627e-02
2.318250124681978108e-02 1.422764616431085836e-02
2.247697973172789118e-02 1.423978913858431859e-02
2.219069178707951118e-02 1.415651885322999695e-02
2.220729763677345772e-02 1.444830513321722180e-02
2.221190386516199919e-02 1.462208253209896364e-02
2.229152364325804117e-02 1.465800472610412353e-02
2.255022435990509944e-02 1.442438526529045417e-02
2.254365259379640871e-02 1.450511868164701748e-02
2.242861631021313834e-02 1.423303870141421311e-02
2.222813395947088877e-02 1.435849647529756183e-02
2.240999873359887998e-02 1.447071116051184582e-02
2.231597791190823021e-02 1.434107420028193913e-02
2.206869716291056521e-02 1.428165553935145139e-02
2.222304898626451669e-02 1.466434908322285582e-02
2.235068763940928696e-02 1.480012026051672445e-02
2.220685863131251561e-02 1.465958816262568666e-02
2.248806305917074727e-02 1.485965283400165517e-02
2.257029523184858957e-02 1.550647453359791511e-02
2.274397036950566442e-02 1.591219120912278420e-02
2.310089387670080999e-02 1.599836298767880194e-02
2.337580138499721974e-02 1.597506199261629345e-02
2.392951855676539105e-02 1.594849675268329020e-02
2.439275316602243851e-02 1.583444677497091932e-02
2.474192208907786614e-02 1.624044578718322751e-02
2.461584221740863165e-02 1.602043289491553515e-02
2.447017708457592186e-02 1.671935476393107342e-02
2.349024729986228313e-02 1.789813051173277936e-02
2.274846507802355186e-02 1.777490500779750973e-02
2.217123552278134693e-02 1.903938887364826568e-02
2.163655620773696081e-02 1.938857090444968609e-02
2.080558752979419154e-02 2.032390075119371378e-02
2.014916867147902024e-02 2.152673711914699153e-02
1.938077189961523103e-02 2.244759102089075725e-02
1.896678017921104437e-02 2.321941962952019448e-02
1.888004497563690667e-02 2.402779939590286157e-02
1.945327625223317383e-02 2.484005125286888049e-02
1.995487962668742246e-02 2.488262521184515796e-02
2.094243957598360475e-02 2.539459317233713417e-02
2.171205526419475382e-02 2.518205273558117574e-02
2.210019934174403330e-02 2.650667577227296123e-02
2.266372152363181625e-02 2.748478846969127504e-02
2.272059166423478008e-02 2.835345086391275610e-02
2.291629748992034601e-02 2.908874235880252665e-02
2.285589886893249142e-02 3.004154774378397716e-02
2.255245995880454657e-02 3.110470432942477256e-02
2.200284696794753761e-02 3.115600097320889508e-02
2.199182855505625589e-02 3.130729806756874650e-02
2.130046652652572287e-02 3.127780335043665871e-02
2.084825573970592108e-02 3.116486555456857849e-02
2.013245452683605843e-02 2.981705720387412689e-02
1.963136037791055402e-02 2.854351650972250173e-02
1.965310654462727388e-02 2.753058110851626036e-02
1.949611923209144601e-02 2.656493845484278471e-02
1.914451185216291262e-02 2.534927116401102659e-02
1.901873803595957244e-02 2.451426592448164091e-02
1.880603031939764511e-02 2.348070267615706350e-02
1.879581293542798709e-02 2.323172228942933099e-02
1.889168548631408109e-02 2.330024167920678388e-02
1.891334676477104612e-02 2.292196960692329324e-02
1.975653279824428690e-02 2.357736314821878842e-02
2.012392544135589018e-02 2.336326330580890814e-02
2.035513006004517969e-02 2.328208620265355411e-02
2.062677727660084531e-02 2.290802951906268509e-02
2.127474579994152043e-02 2.251024854343760054e-02
2.199040355581360212e-02 2.205876991785811134e-02
2.268845906523702521e-02 2.241302797530911328e-02
2.257503316187541020e-02 2.134773076991244509e-02
2.309790281390151565e-02 2.068666740026806408e-02
2.357947515979889191e-02 2.009516423785060249e-02
2.345206349952516298e-02 1.903356893039887324e-02
2.363850142058752241e-02 1.877129000715594201e-02
2.348423614996899764e-02 1.805775289733156305e-02
2.408491795950125705e-02 1.901165631611402215e-02
2.407058453523120561e-02 1.942526666352772588e-02
2.355221749798247846e-02 1.889450094692899512e-02
2.335912708374088265e-02 1.905261989486864774e-02
2.348135535868358867e-02 1.923990295345818363e-02
2.337336604901602000e-02 1.950594816904897832e-02
2.315848744004675441e-02 1.966928035885218834e-02
2.333824977332979791e-02 1.994789777538275716e-02
2.350416242058767438e-02 2.041036651776694313e-02
2.371894178519444105e-02 2.126411219302180855e-02
2.328781387153236113e-02 2.116469909430213070e-02
2.264810946994933946e-02 2.108299872160446925e-02
2.293913347208939579e-02 2.172217922946679744e-02
2.287588360425947889e-02 2.184886247357050587e-02
2.275140058894698988e-02 2.247226073511194785e-02
2.261272334114329541e-02 2.226617430281023144e-02
2.228414315002770138e-02 2.290967662177905220e-02
2.159971553524491633e-02 2.338916629248021309e-02
2.095799524555237714e-02 2.371110855457878724e-02
2.020969868201596270e-02 2.377784612313941365e-02
1.978410098880500206e-02 2.402166434660104807e-02
1.963968005154406726e-02 2.392121240699678075e-02
1.938103072558367349e-02 2.419997005560350217e-02
1.921740652432812543e-02 2.445673165808184835e-02
1.928917871570575912e-02 2.494554488931180133e-02
1.942620293109845880e-02 2.550618648797364080e-02
1.996121784605208588e-02 2.593447584642072021e-02
2.027591152461806143e-02 2.617825495470384872e-02
2.020939054595546208e-02 2.620629075890127530e-02
2.024881250814001415e-02 2.599735682482777130e-02
2.013513506089106148e-02 2.601918621532855677e-02
1.987556975315729613e-02 2.623765072909372068e-02
1.941987261799328623e-02 2.646941606802815164e-02
1.897521636614225501e-02 2.626433851604876094e-02
1.855732821219788220e-02 2.568747618575373606e-02
1.819382461651564142e-02 2.590336700399669539e-02
1.752788100417369127e-02 2.575427575603349284e-02
1.752428906565344294e-02 2.569855660036414469e-02
1.821426770683336194e-02 2.592739371045625282e-02
1.866085672703957088e-02 2.646010478300750424e-02
1.916938484047667896e-02 2.701568512724142682e-02
1.969764271237234299e-02 2.727103317374742625e-02
2.036546208477738387e-02 2.747799844920887150e-02
2.071980596675570760e-02 2.835359650553486918e-02
2.111240907062546246e-02 2.961662478740232848e-02
2.095610835430816721e-02 2.961594068789731582e-02
2.100326315841884173e-02 2.955282127334891637e-02
2.097058138647598519e-02 2.941685212747869455e-02
2.042214809275810089e-02 2.903452393601933454e-02
2.020260520681091757e-02 2.814386549566947823e-02
1.982931074905235069e-02 2.720981396624868806e-02
1.972589957974619362e-02 2.660906953081891915e-02
1.994408633413204124e-02 2.559574859543300301e-02
2.033955597721418332e-02 2.419739968903265523e-02
nan nan
nan nan
nan nan
nan nan
nan nan
nan nan
nan nan
nan nan
nan nan
nan nan
nan nan
nan nan
nan nan
nan nan
nan nan
nan nan
nan nan
nan nan
nan nan
nan nan
nan nan
nan nan
nan nan
nan nan
nan nan
nan nan
nan nan
nan nan
nan nan
nan nan
nan nan
nan nan
nan nan
nan nan
nan nan
nan nan
nan nan
nan nan
nan nan
nan nan
nan nan
nan nan
nan nan
nan nan
nan nan
nan nan
nan nan
nan nan
nan nan
nan nan
nan nan
nan nan
nan nan
nan nan
nan nan
nan nan
nan nan
nan nan
nan nan
nan nan
nan nan
nan nan
nan nan
nan nan
nan nan
nan nan
nan nan
nan nan
nan nan
nan nan
nan nan
nan nan
nan nan
nan nan
nan nan
nan nan
nan nan
nan nan
nan nan
nan nan
nan nan
nan nan
nan nan
nan nan
nan nan
nan nan
nan nan
nan nan
nan nan
nan nan
nan nan
nan nan
nan nan
nan nan
nan nan
1.797268882734145284e-02 2.180817634210600875e-02
1.785957584540791981e-02 2.137083639714186176e-02
nan nan
1.733341334033555378e-02 2.038274745666822027e-02
1.754375698128138664e-02 1.998624105329609157e-02
1.654263966950156317e-02 1.997806369233332685e-02
1.586520847018566341e-02 1.969025524915008277e-02
1.558949597983788279e-02 1.979519690384519762e-02
1.509200521270293374e-02 1.955010930961710580e-02
1.478121774647177950e-02 1.965101357048776309e-02
1.441276181548901969e-02 1.922430067857033506e-02
1.412530998622049498e-02 1.806749372110772259e-02
nan nan
1.468579616446559141e-02 1.729232513396429527e-02
1.519741624954017503e-02 1.810309872846585164e-02
1.685200588156034879e-02 1.874771978315197679e-02
1.837576699682227227e-02 1.809698604555601623e-02
1.950828727752985589e-02 1.876854913585748741e-02
2.094319868092400783e-02 1.917555380347049296e-02
2.194077783755403813e-02 2.033160103181432671e-02
2.305197004703010005e-02 2.112326686161349401e-02
2.439188087673570260e-02 2.170543502023184607e-02
2.498550073207112671e-02 2.147767128889472438e-02
2.550081418465278277e-02 2.138818054583019324e-02
2.582019003331025020e-02 2.120359268948759923e-02
2.528864450985482751e-02 2.058549006135593912e-02
2.422929499621609070e-02 2.138962479057290866e-02
2.274990994694464988e-02 2.139577440403693173e-02
2.074325364373762887e-02 2.129039852924846307e-02
1.916902406537275907e-02 2.130251258325695923e-02
1.714366732587147696e-02 2.133477990075517000e-02
1.540467431667693309e-02 2.170934747435047593e-02
1.422018588027754334e-02 2.242479300957318789e-02
1.312883297256580914e-02 2.418370937655396624e-02
1.174134789087784292e-02 2.454452838102173448e-02
1.106334192730324718e-02 2.490685144732700945e-02
1.132036630887977430e-02 2.513163389465946501e-02
1.234927870006161978e-02 2.413658245241095263e-02
1.404565218525810795e-02 2.394688569602406586e-02
1.532934025137104583e-02 2.336151061291650427e-02
1.622396342077888839e-02 2.336381799232970652e-02
1.652550274803555111e-02 2.346819871872021790e-02
1.689426931179233496e-02 2.350566232123598581e-02
1.712547944405732117e-02 2.252470024951075053e-02
1.744118990920510981e-02 2.260256088487112153e-02
1.740215868268674484e-02 2.267080917317198380e-02
1.675333555511345288e-02 2.225210844300594404e-02
1.582619596901871720e-02 2.300592576028804431e-02
1.474098903373045021e-02 2.333679502158434588e-02
1.431237666297146757e-02 2.345643004341558743e-02
1.437526325898394290e-02 2.333806147951835233e-02
1.497455044595473114e-02 2.311221127103634324e-02
1.519468297241201825e-02 2.298268926365818268e-02
1.589465138051216961e-02 2.365711712466663647e-02
1.656370735431868940e-02 2.374306627960027713e-02
1.733286406336072283e-02 2.324628561940286081e-02
1.852358575312711836e-02 2.329523119128715583e-02
1.958275966458147485e-02 2.264540844203751305e-02
2.039845927486184235e-02 2.224396104260544654e-02
2.099822094143153836e-02 2.180039138128511689e-02
2.129268843166701175e-02 2.143313189622802345e-02
2.121788710260887056e-02 2.134899722784645154e-02
2.098143501627482144e-02 2.111495821513136723e-02
2.089480821167942828e-02 2.029561569176301442e-02
2.077004993370114641e-02 1.899426192106606209e-02
2.072335390070012551e-02 1.867866318384838603e-02
2.040962936309959064e-02 1.821469402066723878e-02
1.980350284555434243e-02 1.863907248544164480e-02
1.909153658465419234e-02 1.870351786292966112e-02
1.845559525049739538e-02 1.886244345739635994e-02
1.845985797271720158e-02 1.877455934948320249e-02
1.837739360568181948e-02 1.842532051844915711e-02
1.856726221918279796e-02 1.833913604826606716e-02
1.847327447894631797e-02 1.805948155935632043e-02
1.838322551235017227e-02 1.855907195853350247e-02
1.803954665427004445e-02 1.899598642190162071e-02
1.737293194613934513e-02 1.954090028582112712e-02
1.701031208301414382e-02 1.962461280155802443e-02
1.682372363093235720e-02 1.973930537091311138e-02
1.674873047105194732e-02 2.003701702828116285e-02
1.655368440191455626e-02 2.013642700610893815e-02
1.665742472128669063e-02 2.065141162071380473e-02
1.665418544355142319e-02 2.081885787425253806e-02
1.663638158748586421e-02 2.146361385549858114e-02
1.620388495466510217e-02 2.177519246782700160e-02
1.660689571288083075e-02 2.255748771565936964e-02
1.695704407584497364e-02 2.283224396472824033e-02
1.731790375593720080e-02 2.335656753626196014e-02
1.740724708887420730e-02 2.322183884089323511e-02
1.742268156380743713e-02 2.254304651658895625e-02
1.761572131557048379e-02 2.243188908552148919e-02
1.843613347262353097e-02 2.178258908566550398e-02
1.918135959867659987e-02 2.114039910174165052e-02
1.943880446842211410e-02 2.054484252492130500e-02
1.983544767088930155e-02 2.040889210440250193e-02
1.909959119053545457e-02 1.890432405822164638e-02
1.838931936587887006e-02 1.868659337017247388e-02
1.793654713060582190e-02 1.823270146291456478e-02
1.784226592250078361e-02 1.855669539934979781e-02
1.814719505851214443e-02 1.902348803343507921e-02
1.770732989588000642e-02 1.897450501084795710e-02
1.644838967031554688e-02 1.916059578470103927e-02
1.529383173158755868e-02 1.974698006022012134e-02
1.534529461488035734e-02 2.016689304883079528e-02
1.514127213242344797e-02 1.998152060026392798e-02
1.539924516110858892e-02 1.996951120016388775e-02
1.612452951611319588e-02 1.995448577012933974e-02
1.681947443257746089e-02 1.970610542688472008e-02
1.740617256579219882e-02 1.922479648426390214e-02
1.766551514587385782e-02 1.953647267647914271e-02
1.874419234306438573e-02 1.968786839102310005e-02
1.978739529826748639e-02 1.997212609145921497e-02
2.045051783238909654e-02 2.003506740710971415e-02
2.028725794324828802e-02 2.016674387019785908e-02
2.079966927844986713e-02 2.060562782441587373e-02
2.126077543942945375e-02 2.122937302510713442e-02
2.132313002740229835e-02 2.112181960000860531e-02
2.092323912079170622e-02 2.116473893768875542e-02
2.088444539414711226e-02 2.113757906381861021e-02
2.154911068916582143e-02 2.079962683431999665e-02
2.151165270425547602e-02 2.080855591411232691e-02
2.130927742854468038e-02 2.070526479511468343e-02
2.138065118605610854e-02 2.047303090627597411e-02
2.181101427314262667e-02 2.070802179102130061e-02
2.188546793484283728e-02 2.071977298933127404e-02
2.226250246945728206e-02 2.096488887964594386e-02
2.249229165963908747e-02 2.070315840113999897e-02
2.361960712489125092e-02 2.088556329762657204e-02
2.416078642553056918e-02 2.087742900497206039e-02
2.393456961627974874e-02 2.135870236942518513e-02
2.376104677814751265e-02 2.164804213023523161e-02
2.412731111480665575e-02 2.192757459227159464e-02
2.407344285609492110e-02 2.185137593587900204e-02
2.406466774030310493e-02 2.121633726769012185e-02
2.416491037209044651e-02 2.100170437694330594e-02
2.391981799249478027e-02 2.060878887179412242e-02
2.436184468485854543e-02 2.079267827252895273e-02
2.408305208226251687e-02 2.050985847102202234e-02
2.432172374691757982e-02 2.090681802789838561e-02
2.439484249912138997e-02 2.101323378386875038e-02
2.471549853763723575e-02 2.104375797920971305e-02
2.437345398661669091e-02 2.096127696741752200e-02
2.433597998112791566e-02 2.108197226025775722e-02
2.410476662394129763e-02 2.099300249808147556e-02
2.394696746339191468e-02 2.096936881594216318e-02
2.367753129471939291e-02 2.115389154967372773e-02
2.311232716015566152e-02 2.116259301241663754e-02
2.284554874302724761e-02 2.142017790617884582e-02
2.256510622891213722e-02 2.153839812368098586e-02
2.261216740626573879e-02 2.121599958718627110e-02
2.204909047162270305e-02 2.140307999586161386e-02
2.172173845550044377e-02 2.181797906357156591e-02
2.153282483492161004e-02 2.234315879978385211e-02
2.162745152576025370e-02 2.297748673685682044e-02
2.171004697025553931e-02 2.319960165385053300e-02
2.216215289510741621e-02 2.317349664144341403e-02
2.264398510727054503e-02 2.302107061645272679e-02
2.287308041915269916e-02 2.292658020456049550e-02
2.283436325838945208e-02 2.299031089780285281e-02
2.282837177011515575e-02 2.267077005799347442e-02
2.301683327748705807e-02 2.201763895526778758e-02
2.357038941123306211e-02 2.154789957504822315e-02
2.406942189896781395e-02 2.135766103182707570e-02
2.434680094559150271e-02 2.158829993684418733e-02
2.458643405301197404e-02 2.181470920109565212e-02
2.463473255997515945e-02 2.200747108944964628e-02
2.456663885985319387e-02 2.249911039232698959e-02
2.446937813624889754e-02 2.206364350265295135e-02
2.420456983414876959e-02 2.135813447112867858e-02
2.348035126372885126e-02 2.153341125051008373e-02
2.340169459287389994e-02 2.188462331746430720e-02
2.314582535742018901e-02 2.239772832290606863e-02
2.317369221733596441e-02 2.260394728908391229e-02
2.249014240541560850e-02 2.252527667824513052e-02
2.212331630821402773e-02 2.241893270278852435e-02
2.193333326200996511e-02 2.256488433349787548e-02
2.196316628382427930e-02 2.260652410549802288e-02
2.209884539480702972e-02 2.335983511008381600e-02
2.237441640472189949e-02 2.389760119527916879e-02
2.265519639128139515e-02 2.425260119276511500e-02
2.268144995814307119e-02 2.423586093665990385e-02
2.293890148579131455e-02 2.356181756953382861e-02
2.292444530643977102e-02 2.335796881672615871e-02
2.358157676840599501e-02 2.294735827060907785e-02
2.399357278246829969e-02 2.260392596298924431e-02
2.394014290503912457e-02 2.218151802936203093e-02
2.365216135638502706e-02 2.188206865938270226e-02
2.274574834162248343e-02 2.187300662959533112e-02
nan nan
2.164474438779165344e-02 2.231827551252680772e-02
nan nan
nan nan
nan nan
nan nan
nan nan
nan nan
nan nan
nan nan
nan nan
nan nan
nan nan
nan nan
nan nan
nan nan
nan nan
nan nan
nan nan
nan nan
nan nan
nan nan
nan nan
nan nan
nan nan
nan nan
nan nan
nan nan
nan nan
nan nan
nan nan
nan nan
nan nan
nan nan
nan nan
nan nan
nan nan
nan nan
nan nan
nan nan
nan nan
nan nan
nan nan
nan nan
nan nan
nan nan
nan nan
nan nan
nan nan
nan nan
nan nan
nan nan
nan nan
nan nan
nan nan
nan nan
nan nan
nan nan
nan nan
nan nan
nan nan
nan nan
nan nan
nan nan
nan nan
nan nan
nan nan
nan nan
nan nan
nan nan
nan nan
nan nan
nan nan
nan nan
nan nan
nan nan
nan nan
nan nan
nan nan
nan nan
nan nan
nan nan
nan nan
nan nan
nan nan
nan nan
nan nan
nan nan
nan nan
nan nan
nan nan
nan nan
nan nan
nan nan
nan nan
nan nan
nan nan
nan nan
nan nan
nan nan
nan nan
nan nan
nan nan
nan nan
nan nan
nan nan
nan nan
nan nan
nan nan
nan nan
nan nan
nan nan
nan nan
nan nan
nan nan
nan nan
nan nan
nan nan
nan nan
nan nan
nan nan
nan nan
nan nan
nan nan
nan nan
nan nan
nan nan
nan nan
nan nan
nan nan
nan nan
nan nan
nan nan
nan nan
nan nan
nan nan
nan nan
nan nan
nan nan
nan nan
nan nan
nan nan
nan nan
nan nan
2.221677484921358997e-02 1.038034782919726971e-02
nan nan
2.397606541113347228e-02 1.346942379913448548e-02
2.369229893908280163e-02 1.518597351238360448e-02
2.342105764653391181e-02 1.713224897068289440e-02
2.294951959228124297e-02 1.819129222079627142e-02
2.188935760645057196e-02 1.870571351441275079e-02
2.012110113821391488e-02 2.045818721617987182e-02
1.875907806117143445e-02 2.131559276136872280e-02
1.718139032651920181e-02 2.201120544467037587e-02
1.641242534426970781e-02 2.230688664976670718e-02
1.642101674355819774e-02 2.182461564020209827e-02
1.649653130044577420e-02 2.089053123738659687e-02
1.754558790453081621e-02 2.058391515527224075e-02
1.787858145291537637e-02 2.035727432084161528e-02
1.738240260470648099e-02 2.093397790176853082e-02
1.692627832347075659e-02 2.176855464283970754e-02
1.636092875534436372e-02 2.213389914862546812e-02
1.633057048742287548e-02 2.223232500520667260e-02
1.651117265271686424e-02 2.205628131865510974e-02
1.693548537070186516e-02 2.106558466493752349e-02
1.736139328056792927e-02 2.047133730227024620e-02
1.747644308801610952e-02 2.054734631246489876e-02
1.705614425313656604e-02 2.029391054045725021e-02
1.706282337792669815e-02 2.040413274425129098e-02
1.749002260883226328e-02 2.055581079548269088e-02
1.837330294863556701e-02 1.999356089719379545e-02
2.001463274320012739e-02 1.900388155020667214e-02
2.167053366996797570e-02 1.856717264958519797e-02
2.419633182385337242e-02 1.841175119254655212e-02
2.646699654456591971e-02 1.971012700819019942e-02
2.832263684174377710e-02 2.264159700078679713e-02
2.993015229269408578e-02 2.370346517822052856e-02
3.188716269587390378e-02 2.382574317937421679e-02
3.424812241349424469e-02 2.396149677564370778e-02
3.646914175432824229e-02 2.288932341314812990e-02
3.896213829402172396e-02 2.335756538943290633e-02
4.079150983599730967e-02 2.357211235162267118e-02
4.102277229521653079e-02 2.326630364424347314e-02
4.018944484717389132e-02 2.376997481764255016e-02
3.912321459912812549e-02 2.319372667887392367e-02
3.737163212005861768e-02 2.079135272570825643e-02
3.574842752939583201e-02 1.996129576431992028e-02
3.420426514376768284e-02 1.965858568648091997e-02
3.258860707778445803e-02 1.910460459128753355e-02
3.118695439521618554e-02 1.956349315051097298e-02
2.886951301846180443e-02 1.888326199100993918e-02
2.631172239362506923e-02 1.704761397131450071e-02
2.490563388336614059e-02 1.682495477077300058e-02
2.372715004298704342e-02 1.608086548161026183e-02
2.180187453314688314e-02 1.527937810096439801e-02
2.095516085152659275e-02 1.501164198614086606e-02
1.982683234476289094e-02 1.474921690112717190e-02
1.881296379687782613e-02 1.501850347504783342e-02
1.782841831707021249e-02 1.485452682106676997e-02
1.659035685833305795e-02 1.432529907999756033e-02
1.550100787531187747e-02 1.383384151705866968e-02
1.483476819435811632e-02 1.463283712559476299e-02
1.426972332931113370e-02 1.461075078166067936e-02
1.395745291927767175e-02 1.427957973011741155e-02
1.403480838626876628e-02 1.453643048607443540e-02
1.390162526059985498e-02 1.456698422585874647e-02
1.463272082035653281e-02 1.503463188029556877e-02
1.514659502162251509e-02 1.526802455629765881e-02
1.540977505038741008e-02 1.601693239852803111e-02
1.525831317293511492e-02 1.647530486626054211e-02
1.551039707860035928e-02 1.704187158222888326e-02
1.573093209608332835e-02 1.777743365844659806e-02
1.609350108867052195e-02 1.839314277054854632e-02
1.598939396047012115e-02 1.866494946468042967e-02
1.660676598780742169e-02 1.915318012942192685e-02
1.735666013590869000e-02 2.017579091970410007e-02
1.793564425657844658e-02 2.084920927621184555e-02
1.789304512240749018e-02 2.136397958957274995e-02
1.809931256643955086e-02 2.135521654122962687e-02
1.878851129673304518e-02 2.189297118315467264e-02
1.888160677397461920e-02 2.199357417392702047e-02
1.939774580649419877e-02 2.185193436747007167e-02
2.022308117052334236e-02 2.140121817578235705e-02
2.110181811589507614e-02 2.144155591168080480e-02
2.126032769547118312e-02 2.118219585460449222e-02
2.190609807061524514e-02 2.089045779239716294e-02
2.153816239231261948e-02 2.061422473728005342e-02
2.142092483964082653e-02 2.018230931856125968e-02
2.093649542123649648e-02 2.004572119579706158e-02
2.066874370195345353e-02 2.033354066613169558e-02
2.057685663405649928e-02 2.007311107940041445e-02
2.064200483640094355e-02 2.015243999037115083e-02
2.011800334091155135e-02 2.059808161182551459e-02
1.978253409301052035e-02 2.131338941168560777e-02
2.038652383989989630e-02 2.287410022259668899e-02
2.013608537247535066e-02 2.432781687223816922e-02
2.024965317238880055e-02 2.510483822887434047e-02
2.084451368628516960e-02 2.583742890391174662e-02
2.188846055808808463e-02 2.751197695173719301e-02
2.275961633688014865e-02 2.819531599942440292e-02
2.413464458659899878e-02 2.962012934094929856e-02
2.540357010580530234e-02 3.059983702218922047e-02
2.691410155223333822e-02 3.108113202482620796e-02
2.810884971270252719e-02 3.148209298124041156e-02
2.866345280165206316e-02 3.147357648335758623e-02
2.888636708309172407e-02 3.073959160187763467e-02
2.932388138188349314e-02 3.090180245522029454e-02
2.932373012265595408e-02 3.076686965352114569e-02
2.910622226628861026e-02 2.980473654682169390e-02
2.894189981748476054e-02 2.973178028905627823e-02
2.847322112439310687e-02 2.899921291667841017e-02
2.786918685277924718e-02 2.875961517936617001e-02
2.732237663091009044e-02 2.920614490262623056e-02
2.672717677203419878e-02 2.881759927031883606e-02
2.672617246901999588e-02 2.860641891825395355e-02
2.696120538177627229e-02 2.831749943755344778e-02
2.718439014051414471e-02 2.751369687526462535e-02
2.716101403598651307e-02 2.746470261746665129e-02
2.718946845581778765e-02 2.710097660622149546e-02
2.694029457379210762e-02 2.586578439146971012e-02
2.716053945235787775e-02 2.680412277800768919e-02
2.697799473991407959e-02 2.569136897825337329e-02
2.666751218482179067e-02 2.523955933007277289e-02
2.734215455513366866e-02 2.500306937691697609e-02
2.706178298929447570e-02 2.421873389801825621e-02
2.689602784304794686e-02 2.336628890647858905e-02
2.646158533412601779e-02 2.297304841245263046e-02
2.617807852028163074e-02 2.162502659275206129e-02
2.654157712253682813e-02 2.173962990459873609e-02
2.687603041609389065e-02 2.143984399844258912e-02
2.700188163041641193e-02 1.981704907685686787e-02
2.774464828559089838e-02 1.998193911186804325e-02
2.809429636958307719e-02 1.999566833146578307e-02
2.770518439942512914e-02 1.886379397135227315e-02
2.797858971841916259e-02 1.860661167264547958e-02
2.776552309928845622e-02 1.869241997132459199e-02
2.787751172789926929e-02 1.907206190709379717e-02
2.869695245533282132e-02 2.047386064740309985e-02
2.845071928571707778e-02 2.082071719761828532e-02
2.801472444516288005e-02 2.096615169653940139e-02
2.755702421754615064e-02 2.111323433847419120e-02
2.728664449922179464e-02 2.174896209959513091e-02
2.664174734963203547e-02 2.091167652838236968e-02
2.648535155014145048e-02 2.213175707245336465e-02
2.626957474848266513e-02 2.231928480896805400e-02
2.572610949855453841e-02 2.240572477616821837e-02
2.562859785524129047e-02 2.254154120639467740e-02
2.515344872099803744e-02 2.283572792038866470e-02
2.476674940834013017e-02 2.259235848118259019e-02
2.480784198396005294e-02 2.302329893327106219e-02
2.503577216286530932e-02 2.382012026843359498e-02
2.468239835811998975e-02 2.395458160739601799e-02
2.503388423132379276e-02 2.456796752756578925e-02
2.447401994280512527e-02 2.465802294400519859e-02
2.404358861221566820e-02 2.504726349490953713e-02
2.400940735574342080e-02 2.608954172984194464e-02
2.375209834882538798e-02 2.671241807422757367e-02
2.369725907661307182e-02 2.621513703102846399e-02
2.385263892175968486e-02 2.635156744472186285e-02
2.388893801547693416e-02 2.668534100802257350e-02
2.339020783813779147e-02 2.683608591257514650e-02
2.323779242417957011e-02 2.759768694232138039e-02
2.292510651940416269e-02 2.826733297275691933e-02
2.379388480274495510e-02 2.930014512643031380e-02
2.379295519307694784e-02 2.973185768717545238e-02
2.370104555072857083e-02 3.020646108145469758e-02
2.359909017346516896e-02 2.938861741843735650e-02
2.343704909664199448e-02 3.005203061162481024e-02
2.319215978307944195e-02 3.016534894824551838e-02
2.321910202675425694e-02 2.987530157721146953e-02
2.342138471600528626e-02 2.992934398169136076e-02
2.351660354406755193e-02 2.889737301241539907e-02
2.374513938406133326e-02 2.736648065915640859e-02
2.391645200654826664e-02 2.597015263429261825e-02
2.446477440457388644e-02 2.620774904765756433e-02
2.549958788219458539e-02 2.565188366196321373e-02
2.588637125087440288e-02 2.504869952130358429e-02
nan nan
nan nan
nan nan
nan nan
nan nan
nan nan
nan nan
nan nan
nan nan
nan nan
nan nan
nan nan
nan nan
nan nan
nan nan
nan nan
nan nan
nan nan
nan nan
nan nan
nan nan
nan nan
nan nan
nan nan
nan nan
nan nan
nan nan
nan nan
nan nan
nan nan
nan nan
nan nan
nan nan
nan nan
nan nan
nan nan
nan nan
nan nan
nan nan
nan nan
nan nan
nan nan
nan nan
nan nan
nan nan
nan nan
nan nan
nan nan
nan nan
nan nan
nan nan
nan nan
nan nan
nan nan
nan nan
nan nan
nan nan
nan nan
nan nan
nan nan
nan nan
nan nan
nan nan
nan nan
nan nan
nan nan
nan nan
nan nan
nan nan
nan nan
nan nan
nan nan
nan nan
nan nan
nan nan
nan nan
nan nan
nan nan
2.116052240466910137e-02 5.810444336352042771e-02
nan nan
nan nan
nan nan
nan nan
nan nan
nan nan
nan nan
nan nan
3.899073357010753027e-02 1.005665387549243839e-01
4.181671928893691825e-02 1.061870977914067676e-01
4.342903446357371938e-02 1.094205931381589669e-01
nan nan
nan nan
nan nan
nan nan
nan nan
nan nan
nan nan
nan nan
nan nan
nan nan
nan nan
nan nan
nan nan
nan nan
nan nan
nan nan
nan nan
nan nan
nan nan
2.287832975933260654e-02 1.812385800674518876e-01
2.369991703621664864e-02 1.821252862102964443e-01
2.299898989012406567e-02 1.796021241697713378e-01
2.397302722286644497e-02 1.755715080902934266e-01
2.560704455964414247e-02 1.725830651757205569e-01
2.760053777304452560e-02 1.675136415011651836e-01
2.868751820717121287e-02 1.631295290699198985e-01
2.936831456019577472e-02 1.591163700113875368e-01
2.976189731203370686e-02 1.567367556825690067e-01
3.046260245868230229e-02 1.561057612741668099e-01
3.128480496739004940e-02 1.550341185673243249e-01
3.161472360501286355e-02 1.546385126452957670e-01
3.332249541967489265e-02 1.565110361354279944e-01
3.410097236029435014e-02 1.601972855122504591e-01
3.426642082689660557e-02 1.628077010324650020e-01
3.286585795978066993e-02 1.680061881513483235e-01
3.182815703297183635e-02 1.702923371772347705e-01
3.151386782199642328e-02 1.712443956287542368e-01
3.093576462508099145e-02 1.705757857344303297e-01
3.059303306172298301e-02 1.691318547453787013e-01
3.003906143323503697e-02 1.649788198084925772e-01
3.044428885693933190e-02 1.616315658713019521e-01
2.959395962205006725e-02 1.582999580055155509e-01
2.940677976095277049e-02 1.549411692518535277e-01
2.977511075222969913e-02 1.517171447717279298e-01
3.022559235687609369e-02 1.452680521852245388e-01
3.067309579840971426e-02 1.415769625131208242e-01
3.195228135377500833e-02 1.397385449619363007e-01
3.289083924304345846e-02 1.375004193884066528e-01
3.368635042778534566e-02 1.329602540396611632e-01
3.424219251082015469e-02 1.289956194406656487e-01
3.336763100672468507e-02 1.248434308896634870e-01
3.275820487420072480e-02 1.198746464082265512e-01
3.189921682875787590e-02 1.154505615934948853e-01
3.002871671687576058e-02 1.089194528000333173e-01
2.965826872059168159e-02 1.042303393482331975e-01
2.888899757884656055e-02 9.941023915045538173e-02
2.695530564772390461e-02 9.256950708747199719e-02
2.588705431008211585e-02 8.480598429723017195e-02
2.438739625910162773e-02 7.797543924153522987e-02
2.312973070981986373e-02 7.277049770207877355e-02
2.250297676127518964e-02 6.726579782434462251e-02
2.245126441468965617e-02 6.330299622919313696e-02
2.191724672872858576e-02 5.732967404248104359e-02
2.232061951040499592e-02 5.314696067195951584e-02
2.200835138902560231e-02 4.868638389239104275e-02
2.127550563309003537e-02 4.444484628681669852e-02
2.109621101747342908e-02 4.080604029257614562e-02
2.065721575144422936e-02 3.842746147569087167e-02
2.055445830496190063e-02 3.603154235921727372e-02
2.030262500691642699e-02 3.384937312914156754e-02
1.996615603330931243e-02 3.106295595038641860e-02
1.976896601546467708e-02 2.878657032272750882e-02
1.942753201492997475e-02 2.707256421440117425e-02
1.964809293581573635e-02 2.588869548310387958e-02
1.929087127941417693e-02 2.424917424539678457e-02
1.930756617855707361e-02 2.318804769590879569e-02
1.924711096539605606e-02 2.312875158200034323e-02
1.900553166978522293e-02 2.351000431411011740e-02
1.871684625597739432e-02 2.395445968455235664e-02
1.891900764656315181e-02 2.269842043204094856e-02
1.933445016558304336e-02 2.321011042509414993e-02
1.955624675160270651e-02 2.309222913645261541e-02
2.011069161133279340e-02 2.321057086067948583e-02
1.971233597547874389e-02 2.326922427891549988e-02
2.020395551270736875e-02 2.366655792670123437e-02
2.076435971552516302e-02 2.367229828720712054e-02
2.099264442775053072e-02 2.383314198183705823e-02
2.111570473247443083e-02 2.404230166042483491e-02
2.160829195425227264e-02 2.399345491678411477e-02
2.195379133260881924e-02 2.485000773027549320e-02
2.186441460612845861e-02 2.573281275824205322e-02
2.277098813876451966e-02 2.598298823850895764e-02
2.316090259426032208e-02 2.652785560113911714e-02
2.364479584343581742e-02 2.684012788370772340e-02
2.393493580092963952e-02 2.701896580880926851e-02
2.461456098725294667e-02 2.684297060011191921e-02
2.490442027253501542e-02 2.600369098703295828e-02
2.555753743527686833e-02 2.523157088709983634e-02
2.635659957082535018e-02 2.455327020729991885e-02
2.687002269918170247e-02 2.380785016982997840e-02
2.717483542592509863e-02 2.260444548746127005e-02
2.653542646877550537e-02 2.246430953478238332e-02
2.705072899823550425e-02 2.142258432189508149e-02
2.761138162404873017e-02 2.093151905506832750e-02
