1.284177473978104743e-02 5.547593166369878953e-02
1.243384628816492088e-02 5.554941743279034200e-02
1.248721988551012088e-02 5.563403355076271956e-02
1.249214038771323358e-02 5.468635475087967046e-02
1.219135298734559669e-02 5.452152671758760810e-02
1.194709336573922254e-02 5.486152541993638554e-02
1.160535861525485712e-02 5.510473278082299309e-02
1.096757096144858161e-02 5.534420547439967975e-02
1.079194776306600413e-02 5.561895589780366939e-02
1.120866131732802667e-02 5.555439671179095151e-02
1.105925704390701460e-02 5.572196572041116652e-02
1.119879097653792184e-02 5.598058903893904370e-02
1.084834883361602761e-02 5.620999789642767974e-02
1.112366590695976903e-02 5.686534067121488956e-02
1.081134160952612611e-02 5.705999444424014744e-02
1.112357550512432965e-02 5.693387046396535672e-02
1.147770924704788476e-02 5.681177659543391878e-02
1.185525061450728480e-02 5.711744881580724242e-02
1.191373540055083724e-02 5.690155882980212770e-02
1.157008629497351809e-02 5.681411892883641429e-02
1.143314291068108987e-02 5.651960701790620378e-02
1.120628319769837074e-02 5.631775730039176309e-02
1.150257276865621764e-02 5.634089933802672451e-02
1.136229637584171628e-02 5.613263847630684672e-02
1.174862430236323779e-02 5.612843401073586841e-02
1.181280991761524124e-02 5.594016724701868920e-02
1.185016969846039089e-02 5.606984280227846063e-02
1.183123472713965528e-02 5.562102359271876850e-02
1.201878597437334474e-02 5.572483527648573742e-02
1.213567939669802850e-02 5.540675938333535638e-02
1.220933535842797305e-02 5.578274945945978919e-02
1.259490105911719067e-02 5.566896257293479228e-02
1.283085234633062933e-02 5.571335954890100500e-02
1.298377833820408590e-02 5.577185172105539324e-02
1.292089486308350965e-02 5.562223824384718990e-02
1.309180998797179925e-02 5.584095242896455064e-02
1.330917625987649254e-02 5.549720990468962056e-02
1.355472595416560601e-02 5.563751272105554868e-02
1.371984017324510800e-02 5.555686429698846601e-02
1.393336504333682509e-02 5.547104476309851206e-02
1.395730363661500453e-02 5.489596591849598556e-02
1.398367891826087818e-02 5.487983007512255845e-02
1.353950349182228390e-02 5.455001962841903029e-02
1.355069802704659404e-02 5.456096771721277716e-02
1.337116820021027642e-02 5.441984431433594810e-02
1.320579931635153595e-02 5.434930716391383337e-02
1.293232481758699141e-02 5.414697849352211045e-02
1.304930031936871009e-02 5.402879114941468858e-02
1.285668376054763598e-02 5.392609091928389498e-02
1.267486059831167931e-02 5.401406012351626235e-02
1.264337027886744402e-02 5.400255859655847535e-02
1.227941051281879713e-02 5.398157746447678623e-02
1.285160055584667893e-02 5.400102311774248459e-02
1.288701446059065982e-02 5.402533819461383113e-02
1.303776987214596943e-02 5.407211370632862557e-02
1.297427584653954719e-02 5.371543446093970942e-02
1.291035873202088340e-02 5.399535391357197095e-02
1.246479222003164106e-02 5.365262297439235550e-02
1.271289178703477636e-02 5.366249997308518427e-02
1.267620819943515373e-02 5.359113724272514950e-02
1.278005109212114639e-02 5.372356833747531091e-02
1.275395346582486322e-02 5.386267897313452152e-02
1.230222444068506879e-02 5.363252359830281840e-02
1.222280138280860788e-02 5.363005393251069064e-02
1.200643140362890084e-02 5.392861509665459324e-02
1.200895017145362648e-02 5.408220001283838008e-02
1.186765834444380475e-02 5.409518333927143541e-02
1.188470413586626209e-02 5.452487397818271686e-02
1.163950242102427396e-02 5.485169918775184561e-02
1.187250186464665867e-02 5.520489801449114664e-02
1.171208604429654215e-02 5.534714909964204982e-02
1.201985997730670511e-02 5.546463320277413012e-02
1.201581873438224007e-02 5.552545064745530168e-02
1.222273750855433841e-02 5.578414678679424060e-02
1.255913615806391812e-02 5.569561457366267732e-02
1.261704160254064656e-02 5.562929562073589546e-02
1.268576717924312439e-02 5.542583094569168006e-02
1.273117782089925806e-02 5.557136354464826955e-02
1.244506131724605613e-02 5.533076108820290245e-02
1.246674402582742362e-02 5.538854835490625295e-02
1.263481612222232611e-02 5.540337883322663665e-02
1.241165591450075524e-02 5.523152796091626571e-02
1.260838913780060189e-02 5.568793093779886988e-02
1.190711884964334825e-02 5.526924997328155204e-02
1.188180092617402081e-02 5.536729632940742829e-02
1.176106391741202697e-02 5.553928327260473918e-02
1.167329663488575302e-02 5.556001598169100358e-02
1.173621194310373560e-02 5.550720674563149742e-02
1.210802116840593162e-02 5.581626076447030599e-02
1.184130787388855584e-02 5.579806097125205450e-02
1.164042209585305562e-02 5.594312751701788211e-02
1.138715412380002755e-02 5.597845351663993663e-02
1.143908722147279726e-02 5.565319582704367912e-02
1.167020533944152470e-02 5.564294182460902821e-02
1.180474678129610558e-02 5.553372683666164128e-02
1.170325152752885525e-02 5.576422759019721009e-02
1.122103893065768895e-02 5.593977276628222389e-02
1.136175838609260538e-02 5.603263969020680357e-02
1.127616823775746957e-02 5.585565931996559763e-02
1.168379770792934112e-02 5.582059339466874381e-02
1.175032763314872233e-02 5.565657679327131596e-02
1.185460911517674000e-02 5.582136695974160984e-02
1.141968754934778903e-02 5.586257022299435243e-02
1.140746904949028855e-02 5.613020376450402610e-02
1.075188591401172490e-02 5.619905604941772409e-02
1.079800281350538037e-02 5.601733816526861809e-02
1.133070759225796205e-02 5.606849291250092654e-02
1.137689398361131123e-02 5.589961479375734482e-02
1.102908171226586916e-02 5.609694629203490490e-02
1.060278691583363235e-02 5.610289804095230232e-02
1.050341542900598904e-02 5.606168728755901026e-02
1.073673611643486368e-02 5.613111048763140543e-02
1.095762660350551969e-02 5.621742936422574610e-02
1.141272629592967464e-02 5.628971671082674821e-02
1.192532972202785257e-02 5.631849341476181242e-02
1.223318667076261738e-02 5.659033475079382203e-02
1.233920711375867223e-02 5.668541126618532183e-02
1.184756323357320437e-02 5.659253019421745662e-02
1.213910051840147962e-02 5.625674927324509494e-02
1.201023649906608065e-02 5.637254226908498117e-02
1.196915411835970666e-02 5.670421193512453079e-02
1.193296800092933513e-02 5.658999852670620195e-02
1.207654588125769111e-02 5.659131221413766372e-02
1.182696628328469383e-02 5.671046786697269554e-02
1.182145915743365409e-02 5.672685712676861503e-02
1.186811597122642940e-02 5.679114250653176377e-02
1.192198662262196167e-02 5.668390241898023374e-02
1.220484543527767043e-02 5.689039893647793861e-02
1.213181125924441862e-02 5.681837748986702519e-02
1.230668513148121777e-02 5.659838124235614526e-02
1.250133151839563812e-02 5.644840449333049515e-02
1.244996423842478425e-02 5.615286601702384334e-02
1.257957872823298878e-02 5.604534172024971950e-02
1.262918343248707609e-02 5.565306391734593794e-02
1.261756913730188896e-02 5.552037857393546383e-02
1.233469430406774689e-02 5.539892178347103485e-02
1.239458484385388623e-02 5.553936940922125226e-02
1.240354804539768423e-02 5.560370014594671201e-02
1.295736456555808200e-02 5.611664411336630964e-02
1.304197132085475885e-02 5.633382406802443093e-02
1.290927942357129182e-02 5.667703812127056207e-02
1.312165809409697459e-02 5.682825157572742036e-02
1.267530189242668630e-02 5.726957273846176866e-02
1.290348039029764506e-02 5.783472256950641238e-02
1.290228633705577110e-02 5.806099264197901733e-02
1.334855619405009297e-02 5.790175433414369854e-02
1.322408118902682062e-02 5.793529976090568828e-02
1.305742566546643293e-02 5.778368558392855264e-02
1.289113882326945772e-02 5.771535844109228902e-02
1.318389325593968125e-02 5.796800421132970726e-02
1.331996258243996548e-02 5.753696451487873981e-02
1.334386747008559949e-02 5.773793330863884188e-02
1.370599756124158373e-02 5.767705178164394403e-02
1.322599107084138081e-02 5.742470020748320636e-02
1.340617316408530650e-02 5.734411669796768418e-02
1.287920276412912735e-02 5.746871643463732915e-02
1.296356286493578064e-02 5.755352521566981655e-02
1.326309545869917839e-02 5.773224912418718768e-02
1.309077520424668274e-02 5.742390874929674538e-02
1.296891425828088779e-02 5.718851277278248074e-02
1.291773953734041622e-02 5.731374917140021757e-02
1.286659259233787281e-02 5.733581138043692543e-02
1.251780857928374256e-02 5.772487424856228427e-02
1.246547798401233600e-02 5.800814137790855779e-02
1.241451589984014781e-02 5.829167149441248641e-02
1.268492786738083071e-02 5.847946596315509865e-02
1.260653002249432185e-02 5.862489536461944206e-02
1.234484084379122021e-02 5.889010875848850468e-02
1.239127316142648282e-02 5.936452926850226131e-02
1.192726165814518915e-02 5.959260488097017916e-02
1.203264367068773537e-02 5.988192570836933792e-02
1.187311928109468888e-02 5.978378156429719342e-02
1.204566340752632157e-02 5.922030744414471387e-02
1.268203115954672118e-02 5.930327739566828432e-02
1.224739421905927245e-02 5.906083902254643386e-02
1.242440049270327786e-02 5.871536128237375002e-02
1.284594903673028608e-02 5.852086979572743153e-02
1.292071884478020877e-02 5.809050878923550931e-02
1.280163913364813950e-02 5.743706767791418449e-02
1.301411996136876345e-02 5.697302683824901487e-02
1.296011729624576073e-02 5.668107031360850728e-02
1.310896594687841442e-02 5.683845481165377550e-02
1.321545545992740441e-02 5.661539925784066923e-02
1.300337171368650367e-02 5.613845748328866181e-02
1.347928442614854810e-02 5.591356060325311517e-02
1.308287705907945631e-02 5.586544602085271455e-02
1.263744432932309772e-02 5.592830286436239334e-02
1.287009132021996530e-02 5.601395511844637493e-02
1.296329009898351120e-02 5.615310320480842998e-02
1.326164590844022828e-02 5.618494296011599526e-02
1.331345989207205309e-02 5.604767240232246678e-02
1.298522830458195658e-02 5.556698430913076941e-02
1.288847618232802882e-02 5.532967543393977478e-02
1.260400459676687054e-02 5.483747041739023276e-02
1.284677014338981432e-02 5.451690488473956431e-02
1.287531943833492530e-02 5.431286097215826114e-02
1.288426443467595786e-02 5.369961736465923147e-02
1.279334931654716075e-02 5.351674391826836963e-02
1.264933534359030318e-02 5.344045933331875026e-02
1.210830969486230944e-02 5.323451292503371401e-02
1.188149762749596966e-02 5.288977379594460293e-02
1.216642091014514052e-02 5.283281252529808958e-02
1.260565461231568860e-02 5.287672805167350359e-02
1.285298196663242631e-02 5.320576243659063537e-02
1.227067430414603526e-02 5.318648655984441892e-02
1.239851394272932505e-02 5.322357940040217672e-02
1.248595790085450623e-02 5.305461930623130151e-02
1.248264757081359207e-02 5.261281544554937545e-02
1.271484182432514390e-02 5.230698177103496049e-02
1.329775566804871842e-02 5.193819055223213715e-02
1.357079605074963322e-02 5.196214194116711982e-02
1.383078205471184249e-02 5.204372996175630345e-02
1.360475572389680497e-02 5.222508457408796961e-02
1.396132303329615520e-02 5.164196922477722745e-02
1.447591639208618657e-02 5.148944541184025808e-02
1.471375269800869780e-02 5.118742005768465997e-02
1.490188484725515732e-02 5.116866058451856325e-02
1.510868648395118433e-02 5.138718834835962618e-02
1.480773877376949203e-02 5.193114482667320064e-02
1.500544509116452131e-02 5.188227374007564618e-02
1.472330699647881637e-02 5.196814320823604783e-02
1.466293896023160293e-02 5.207550979593935508e-02
1.470543271228599326e-02 5.177803303770181498e-02
1.420845949305819290e-02 5.228956095243555285e-02
1.410489976929748222e-02 5.220001881868435722e-02
1.361286099225662502e-02 5.232840565364788032e-02
1.380044220005257651e-02 5.283044938594957246e-02
1.299151222042751151e-02 5.309091486293772422e-02
1.309349891063966813e-02 5.259225459357719235e-02
1.289796275744386177e-02 5.271226204184213671e-02
1.350893851682711914e-02 5.242905899480957560e-02
1.401641291312823515e-02 5.239832528359222169e-02
1.360677358857119261e-02 5.237487864690759665e-02
1.375948590337906265e-02 5.236257775550386823e-02
1.362458555895569925e-02 5.270058865777025453e-02
1.366910653836017966e-02 5.260451054413751992e-02
1.321155829817910292e-02 5.219499210212683732e-02
1.390823697412489797e-02 5.231755202384905101e-02
1.388943006340189260e-02 5.259015610586199874e-02
1.399231234556031801e-02 5.248886402215759139e-02
1.391025775163172613e-02 5.269206030049820855e-02
1.372603087845251230e-02 5.220554654242196002e-02
1.416950878555090984e-02 5.221465954677707855e-02
1.392905280296549697e-02 5.170439455296653442e-02
1.383366190972968278e-02 5.152619828324012802e-02
1.406941044299919036e-02 5.133831393281072103e-02
1.437458196828164149e-02 5.174572681308457073e-02
1.402339320398695438e-02 5.147207203079779553e-02
1.424285827569603952e-02 5.128088244778423316e-02
1.393633228332793149e-02 5.164767213458028999e-02
1.381605269328910549e-02 5.133186408954568125e-02
1.334804780075918643e-02 5.175493344419674485e-02
1.306098909984063604e-02 5.146606077687476688e-02
1.321316274870614274e-02 5.195434095976779465e-02
1.347149644846547430e-02 5.249999894834656705e-02
1.363810182969596094e-02 5.305407335820783860e-02
1.330238228626435225e-02 5.342952664092504717e-02
1.326005862281864900e-02 5.356390309162772922e-02
1.283803258233056493e-02 5.378041683989440158e-02
1.254829990123000963e-02 5.344685424888629549e-02
1.252224003772574486e-02 5.423124798443387101e-02
1.253207428019951185e-02 5.428799495383641177e-02
1.260635535657751369e-02 5.463252477510859711e-02
1.242335998734300263e-02 5.475594190180668036e-02
1.203767943783177682e-02 5.426297996494108128e-02
1.198028415515136474e-02 5.401202446975802290e-02
1.155623348805644157e-02 5.382912564011302359e-02
1.170381911373617745e-02 5.298727462016591949e-02
1.184867395900128170e-02 5.251134401459030265e-02
1.157624969237677423e-02 5.226862517731617475e-02
1.156291599381280462e-02 5.116202640057184586e-02
1.162962651464360953e-02 5.062675640472005800e-02
1.177295513973869098e-02 4.981939873043542827e-02
1.173292606004939023e-02 4.912404820205357875e-02
1.143123765818951885e-02 4.905329675038750531e-02
1.120918037366626895e-02 4.792871705897702728e-02
1.137193540652698884e-02 4.646963726063094158e-02
1.134469782244847125e-02 4.613775828677445928e-02
1.066127737149747193e-02 4.573740486398393534e-02
1.071492581538955116e-02 4.504602619069658642e-02
1.017349507489262103e-02 4.429853596159803036e-02
9.498689065815321339e-03 4.320796983073490333e-02
9.346002654410245566e-03 4.307606762313248572e-02
9.472145776155370400e-03 4.257888499205803728e-02
9.896819581333480761e-03 4.208122424034412695e-02
9.702097252716103057e-03 4.243363410561050431e-02
9.872953392747437287e-03 4.287385088873031658e-02
9.951403772647636134e-03 4.336630682498879286e-02
1.062189353620900112e-02 4.390189223898218612e-02
1.116831785979442195e-02 4.509900936446478714e-02
1.131581537229277810e-02 4.592813089052023845e-02
1.130396300507030029e-02 4.669100919729241017e-02
1.135790221205795064e-02 4.713152433767810179e-02
1.121413166866948481e-02 4.803135403903190798e-02
1.107947069665504020e-02 4.842275133430029577e-02
1.124048947332070489e-02 4.907873618058156834e-02
1.134730106241402595e-02 4.907103839667447537e-02
1.122509255312003143e-02 4.936888591687001865e-02
1.113869919123893978e-02 4.939259554071229186e-02
1.066020300446006083e-02 4.876897600793497073e-02
1.062712862431587982e-02 4.925157949651692152e-02
1.110832651519983415e-02 5.030457341782607061e-02
1.099541212602102476e-02 5.073934486875450456e-02
1.060119328439851696e-02 5.061503183802097683e-02
1.057611931064623111e-02 5.074779000224250575e-02
1.059244542439598952e-02 5.132955046834867391e-02
9.998519617624396921e-03 5.216912157273131956e-02
1.004650541121896237e-02 5.209816414219967801e-02
9.773890093995157499e-03 5.245974443623218492e-02
9.907700935055380534e-03 5.257808657657797591e-02
9.669760339328465834e-03 5.244015147686868772e-02
9.057609980262865124e-03 5.224547232058929236e-02
8.891275492449510556e-03 5.241387689600153499e-02
9.186894435752388302e-03 5.257821890239464113e-02
9.223298703526739903e-03 5.251761534283852506e-02
9.056306227670622017e-03 5.195255456124284188e-02
9.390636558086726954e-03 5.129049313036806307e-02
9.173070237011084552e-03 5.102978755276287026e-02
9.443830496088080617e-03 5.099240634179331988e-02
9.015953615520766462e-03 5.085263366093187992e-02
8.781217031450625973e-03 5.025558789852541813e-02
8.984286445535392615e-03 5.016494513022997509e-02
8.774973999288990245e-03 4.932334627834857738e-02
9.211142465462694717e-03 4.920243959709683784e-02
9.102303024840899259e-03 4.915755950706411637e-02
9.504629371462420401e-03 4.949995796722638647e-02
9.433919375643780650e-03 4.934547589865038303e-02
9.617562017858858128e-03 4.973697223022179731e-02
9.536031005561763224e-03 4.940444535920637814e-02
1.022871837285353053e-02 5.011869933790074477e-02
1.098344875907655144e-02 5.092167736054893645e-02
1.185299171294830478e-02 5.132183187849555239e-02
1.271215520453093314e-02 5.196937367188345092e-02
1.244742544487701871e-02 5.214879374735453127e-02
1.242768247464274244e-02 5.246809011729821476e-02
1.231246850828048890e-02 5.196642838216538468e-02
1.243588006938800734e-02 5.223689569352246709e-02
1.247129522248874821e-02 5.209375619447667582e-02
1.268970522467535028e-02 5.201038094312471216e-02
1.363645711966337756e-02 5.111093032610730669e-02
1.300647231979157499e-02 5.107467055562804614e-02
1.276941727714197596e-02 5.091694359171133888e-02
1.161886011377344895e-02 5.063143025243314194e-02
1.176566603662622564e-02 5.015133221587046719e-02
1.164692858330612125e-02 4.995239657915506726e-02
1.139255404701421982e-02 5.021175226698271904e-02
1.182172027205615795e-02 4.993480889686861823e-02
1.197397142307057502e-02 4.985553741030888941e-02
1.180012744516157827e-02 4.908075518958298494e-02
1.092385756483871956e-02 4.986171677627571769e-02
1.115659266891696685e-02 4.979070691476011890e-02
1.021566425418915514e-02 4.909875566183839746e-02
1.009203826180050945e-02 4.970709572398031295e-02
1.018689953968048185e-02 5.017494238729078293e-02
1.022580863529572864e-02 4.978400490342935886e-02
1.047874225579627401e-02 4.949504818008547413e-02
1.001622701212273765e-02 4.948272315378437342e-02
9.740230520611837389e-03 4.980302694763415888e-02
1.006718171018409179e-02 5.041754387902939311e-02
9.083802117568928747e-03 4.987812184859059805e-02
9.011904882455736357e-03 5.015210453258658885e-02
1.027650827846635431e-02 5.040165063298650272e-02
1.040675753168008276e-02 5.010979855419499945e-02
1.078828531839619645e-02 4.985546334114106942e-02
1.120853453109449394e-02 4.985851890237302103e-02
1.108097088338510887e-02 4.935452565292960947e-02
1.163984428872475406e-02 4.955928071274575547e-02
1.232412303696378553e-02 4.914071210033691545e-02
1.282813782056132189e-02 4.869594588906119015e-02
1.417608700150286942e-02 4.887234868624098366e-02
1.473095796700737113e-02 4.786341926188071583e-02
1.462125039828804547e-02 4.757732377223299058e-02
1.547584922135930574e-02 4.722608361725164072e-02
1.487251871086945308e-02 4.681925912913113830e-02
1.524796554374339801e-02 4.727459933829124272e-02
1.526754695580685543e-02 4.747974097258436665e-02
1.506382948851854413e-02 4.757470055855926583e-02
1.502127945638018387e-02 4.747902441580356681e-02
1.474730863177342415e-02 4.782714492723924571e-02
1.502513157325536045e-02 4.771334846997907914e-02
1.511232481973104683e-02 4.843241028667887721e-02
1.508620181018062098e-02 4.901336389819852674e-02
1.547386797514990926e-02 4.840307723174733234e-02
1.582416416436049911e-02 4.893593124114771487e-02
1.557897358069962671e-02 4.896680684891690366e-02
1.602591463751243395e-02 4.915158861667637269e-02
1.611366673169811747e-02 4.855341600423367099e-02
1.625817099677284716e-02 4.872182640531078773e-02
1.633109708591654399e-02 4.873677839035590181e-02
1.583076890789363034e-02 4.908868475172868673e-02
1.532841381460980749e-02 4.859431591679348045e-02
1.471598808884868118e-02 4.815853038405621539e-02
1.466988512933885443e-02 4.892825717601909097e-02
1.487109672848896738e-02 4.871235387420852492e-02
1.512018228927381261e-02 4.814940656060916202e-02
1.554629690621354803e-02 4.836212072701434606e-02
1.580253503109012303e-02 4.878159897538302675e-02
1.587795783375577086e-02 4.908221243804196388e-02
1.573231298672042935e-02 4.903436750070193362e-02
1.607171840751854541e-02 4.866974288064834092e-02
1.709350351383306238e-02 4.881090206975230439e-02
1.769263174337628447e-02 4.852427519624331193e-02
1.767744153024928752e-02 4.873854772800512852e-02
1.762234207968204139e-02 4.890998123303841316e-02
1.749341720295454622e-02 4.953290085379175034e-02
1.746202456742685857e-02 5.003978696196925702e-02
1.800338976919383174e-02 5.049428869150490717e-02
1.814314663753630041e-02 5.067494422405043747e-02
1.843895403069522460e-02 5.128868759037276404e-02
1.856148815304436983e-02 5.143749670970799298e-02
1.803971403810575302e-02 5.155877540127451475e-02
1.800474163553623594e-02 5.225404936377502779e-02
1.818998539932699041e-02 5.191897376437260708e-02
1.820595812408366473e-02 5.187768894181150198e-02
1.838971207810992728e-02 5.155792110913108572e-02
1.817460647626962383e-02 5.073070665608749030e-02
1.790259765237219719e-02 5.028637861803486597e-02
1.768852964305972844e-02 4.939879820933865129e-02
1.784071348683877872e-02 4.902958546206955676e-02
1.788706538949269217e-02 4.845440258773697079e-02
1.867162130738945353e-02 4.769142898973204037e-02
1.928839901287879993e-02 4.609717628906977865e-02
1.949514790650167667e-02 4.524064917092173593e-02
2.015311181436801879e-02 4.435162150062063602e-02
2.041769374777548801e-02 4.321077322390113468e-02
2.088282440289298755e-02 4.273736929240972565e-02
2.112611165861229615e-02 4.239230767115735599e-02
2.107390808364131493e-02 4.208819423225956813e-02
2.083685636994308046e-02 4.056772690631148259e-02
2.066560033962931697e-02 3.996427998655365660e-02
2.019496297477969132e-02 4.035385135199965473e-02
2.007388422835437725e-02 4.013869914484027857e-02
1.981049780460500398e-02 4.065490382011953396e-02
1.921501498486328369e-02 4.090454063444408372e-02
1.899237887892186311e-02 4.161970216850367776e-02
1.848515238546752718e-02 4.176701825315277949e-02
1.794325247088793610e-02 4.190855153316611764e-02
1.821432814810653930e-02 4.200203764204414603e-02
1.847280207994201826e-02 4.306691800031237777e-02
1.862812803768845032e-02 4.380206198104489440e-02
1.881967298625995821e-02 4.405669180629441517e-02
nan nan
nan nan
nan nan
nan nan
nan nan
nan nan
nan nan
nan nan
nan nan
nan nan
nan nan
nan nan
nan nan
nan nan
nan nan
nan nan
nan nan
nan nan
nan nan
nan nan
nan nan
nan nan
nan nan
nan nan
nan nan
nan nan
nan nan
nan nan
nan nan
nan nan
nan nan
nan nan
nan nan
nan nan
nan nan
nan nan
nan nan
nan nan
nan nan
nan nan
nan nan
nan nan
nan nan
nan nan
nan nan
nan nan
nan nan
nan nan
nan nan
nan nan
nan nan
nan nan
nan nan
nan nan
nan nan
nan nan
nan nan
nan nan
nan nan
nan nan
nan nan
nan nan
nan nan
nan nan
nan nan
nan nan
nan nan
nan nan
nan nan
nan nan
nan nan
nan nan
nan nan
nan nan
nan nan
nan nan
nan nan
nan nan
nan nan
nan nan
nan nan
nan nan
nan nan
4.068877017859883101e-03 3.047534563248345887e-02
3.877249261623231472e-03 2.964605869915717604e-02
3.239811771888407351e-03 3.055583468300405656e-02
2.561206519046245987e-03 3.057799114297621648e-02
2.174856083091877314e-03 3.315930564657215696e-02
2.761084027934082152e-03 3.274573587075318981e-02
2.573106778955710182e-03 3.533035867581030970e-02
3.245080812698441109e-03 3.487460650891908986e-02
3.949451030767521000e-03 3.523240636256043390e-02
4.372007206760097561e-03 3.520967961160797327e-02
5.002704012112011225e-03 3.577795865693345068e-02
5.977891081431248831e-03 3.688095530024398244e-02
6.133404240676960419e-03 3.740556308100027871e-02
7.226732360873746285e-03 3.923548785308043907e-02
8.023256001959933395e-03 4.013497384020606878e-02
7.956186994679270014e-03 4.141223838257568346e-02
8.384956268278649996e-03 4.059651505351685036e-02
8.738905591498204520e-03 4.113890817304675929e-02
8.415291935741281426e-03 4.172174846775117407e-02
8.119290787210086541e-03 4.310507548112779697e-02
7.494518917112651807e-03 4.284951479785350376e-02
6.489077349527676113e-03 4.187189499329631304e-02
6.657009525935618163e-03 4.201824984323946494e-02
6.976413514635074024e-03 4.125626744050275158e-02
6.331295171831732675e-03 4.089102738056599184e-02
6.007899588396490957e-03 4.179315322612214834e-02
6.082207920563777181e-03 4.157169973015229641e-02
5.555135389420092634e-03 4.247225035753557365e-02
5.071087708110291921e-03 4.186370764547946155e-02
5.044471337564956914e-03 4.053339896791981894e-02
5.541080556767199496e-03 4.012612257465183324e-02
5.215669956471435074e-03 4.008121689330551574e-02
4.464053511664511920e-03 3.944899826303967932e-02
4.035777521037744141e-03 3.942836417413753125e-02
4.514594613526492876e-03 3.909498842052464701e-02
5.151751457056990766e-03 3.767292531297390668e-02
5.269551654523926300e-03 3.814670708044496511e-02
5.516285389193388566e-03 3.786631658119489485e-02
5.732250952797407310e-03 3.879679094431711522e-02
5.441238133853336552e-03 3.893412204741355381e-02
5.390182318894345265e-03 3.792431003482327895e-02
6.118204879435572459e-03 3.802191343235845206e-02
7.233324451790950314e-03 3.802872571520309053e-02
7.440601868457505375e-03 3.767309259277987904e-02
7.602740057033708677e-03 3.791960060894249834e-02
6.749387146024766852e-03 3.867475907750480418e-02
6.958322796588816035e-03 3.748400503449234727e-02
6.876748273857115172e-03 3.778668827266098290e-02
7.623593154525112013e-03 3.650522550650421583e-02
8.385680887363529401e-03 3.770329512819543122e-02
8.536706048008942116e-03 4.012715871076345114e-02
8.654830662189137366e-03 4.123387233632978127e-02
8.343590354542938098e-03 4.232901993650568795e-02
8.643034627065497577e-03 4.441019252731041866e-02
8.997449665379193828e-03 4.565732007299443812e-02
1.025220139393625413e-02 4.693929841049348378e-02
1.027577640330779897e-02 4.851530658515354477e-02
1.121300871974812395e-02 4.933722800553062837e-02
1.067624360861560776e-02 5.122060928665086305e-02
1.055858255091265442e-02 5.125165508705845779e-02
1.047396674502946122e-02 5.090489944568145353e-02
1.022041981725522325e-02 5.128573772334658193e-02
1.069781464128173425e-02 5.137308524591198411e-02
1.069994412985649478e-02 5.085781975103588481e-02
1.057235728351730436e-02 5.118248613564636840e-02
1.019330956556632750e-02 5.043297232023827292e-02
9.435290383456522434e-03 5.093104003625625181e-02
8.787587708091067901e-03 5.071575758387481675e-02
9.222906979578119474e-03 5.025935127804084801e-02
9.464794515279182502e-03 5.054580629443573142e-02
1.044591752099685404e-02 5.060551186936178975e-02
1.031380340483425799e-02 5.089897391225602780e-02
9.584587350210959505e-03 5.020428667743316586e-02
9.339658609380701096e-03 5.066553286242943960e-02
8.646275231179823689e-03 5.096186196468471125e-02
8.747740628414541267e-03 5.115947559159023800e-02
9.340201956660916516e-03 5.094265516367927488e-02
9.367214524433264619e-03 5.094747132406311774e-02
9.111555949182973888e-03 5.096344196822518574e-02
8.967452406628516337e-03 5.109049347757339127e-02
8.183154482462352830e-03 5.063962529845002225e-02
8.701544562296294888e-03 5.028380076132345222e-02
8.936733415617965914e-03 5.027754774230773493e-02
8.823160258173420173e-03 4.943373721836481077e-02
9.440112369505242879e-03 4.865241943387628443e-02
9.528264353973357401e-03 4.872198702721403790e-02
9.532126613747219854e-03 4.911067247547866443e-02
1.009483106994170029e-02 4.924677373910608252e-02
1.015154110879006727e-02 4.928103156145966640e-02
1.014275361346037539e-02 4.937429712730992404e-02
1.029113725119956690e-02 4.979063950349502110e-02
1.032966559800271508e-02 4.981744962941263288e-02
1.075063792135480534e-02 5.062882534799190842e-02
1.104836346669182782e-02 5.118186403786048611e-02
1.093958758823511228e-02 5.147669927319179634e-02
1.066307989463059075e-02 5.178278053846380180e-02
1.112016738713713683e-02 5.173107901097019623e-02
1.096515081380797056e-02 5.197443409407351278e-02
1.127469075551598872e-02 5.202444992382088823e-02
1.101750034249025095e-02 5.179910904489735263e-02
1.073240395437022494e-02 5.159812693533180616e-02
1.040327318590817361e-02 5.169490412875068358e-02
1.009770447511627520e-02 5.114652929974111001e-02
9.820542902643326216e-03 5.086159644635675908e-02
9.864139785955494330e-03 5.083182771491563667e-02
9.954954723454229049e-03 5.056658352824647262e-02
9.831617699648314071e-03 5.036000711591605977e-02
1.006275126603195860e-02 5.036695130845844637e-02
1.021738459383550804e-02 5.012540551042070358e-02
1.091405786023533914e-02 4.985348011836680110e-02
1.140486190840985826e-02 4.997237236792527459e-02
1.188257605169285719e-02 4.952591962666545722e-02
1.240051042929418007e-02 4.998230304595881884e-02
1.280288572190370518e-02 5.007658061302330821e-02
1.283882851379541598e-02 5.005843033795658037e-02
1.279273366860453863e-02 5.017585368772629201e-02
1.296890468754572159e-02 5.012914100996846561e-02
1.314792705735870308e-02 5.007637713087127046e-02
1.301434799453710274e-02 5.039882643387426364e-02
1.291992145689913746e-02 5.080024886617111324e-02
1.262963221674264988e-02 5.097857954230876343e-02
1.242478883568566908e-02 5.161547118804985651e-02
1.206770116957645717e-02 5.165607856900868156e-02
1.199723361504377063e-02 5.206716411487331830e-02
1.227366422261830063e-02 5.253940624233918028e-02
1.275351383618554026e-02 5.288690007868084020e-02
1.269722553386292210e-02 5.349196403656304027e-02
1.237937694567277369e-02 5.391528306256630765e-02
1.228358314529235176e-02 5.394425742298851467e-02
1.205149739478927548e-02 5.404906945663994627e-02
1.222498517490247343e-02 5.469665411027661850e-02
1.223603406850466875e-02 5.504634172556624461e-02
1.231936271453756664e-02 5.523614896152646836e-02
1.233048047582107655e-02 5.573650574772516519e-02
1.200771721109270170e-02 5.541678909767194794e-02
1.149992999739323299e-02 5.554713959782047600e-02
1.114879480840953729e-02 5.516317127363665890e-02
1.096794234758497084e-02 5.489239686651636863e-02
1.074755349187276471e-02 5.457760165493383275e-02
1.063898192780592632e-02 5.520471284157160707e-02
1.023656798815167530e-02 5.454837096525669282e-02
1.034678644687542746e-02 5.399947224252642231e-02
9.978442139793044022e-03 5.380088323287165325e-02
9.882621707801724636e-03 5.263629620398545261e-02
9.724616672416513258e-03 5.234950579574079027e-02
9.710156643964955314e-03 5.121326395546927507e-02
9.755090621397857764e-03 5.097892200818020247e-02
9.771746301332510584e-03 5.010716701814287022e-02
9.891479527228951366e-03 5.015070221182508364e-02
9.672212944244860597e-03 4.924260381140550119e-02
9.729529476419598866e-03 4.941127595128352173e-02
9.474657157869260243e-03 4.954426963881395501e-02
9.260355029649242758e-03 4.969715381073591676e-02
9.093359328871493050e-03 4.992672287400885811e-02
9.089342740993055364e-03 5.010570144730547987e-02
9.734873015520088477e-03 5.031181971270460435e-02
9.735708998431021055e-03 4.964073058185337201e-02
9.596470094114619917e-03 5.051509630199682577e-02
9.603548068889886796e-03 5.039215022191656512e-02
9.682888839249850776e-03 5.063321248976888900e-02
9.607167055139951423e-03 5.064426585664947439e-02
9.415775030271663140e-03 5.062658038641675018e-02
9.496999831058264632e-03 5.078182478485478851e-02
9.173869861531352629e-03 5.078829626630369104e-02
9.868968221847485359e-03 5.116708141321594377e-02
9.293866282644900126e-03 5.135013171014793376e-02
9.524228780669182978e-03 5.179856933865770174e-02
9.526318737946513557e-03 5.142216397585078203e-02
9.680102663003949809e-03 5.170281746225849351e-02
9.491416867533996812e-03 5.159168915951544560e-02
9.682136860345958579e-03 5.120750486961198056e-02
9.855742714202800001e-03 5.117466601277669697e-02
1.021643001703228387e-02 5.080862908510752618e-02
1.047830696939818125e-02 5.097102074212107869e-02
1.009614907460696515e-02 5.054076834266736651e-02
1.043795674993211985e-02 5.110929164979906292e-02
1.048618316429236058e-02 5.130201712774754008e-02
1.108429159039159805e-02 5.153004946384773244e-02
1.094573376871804150e-02 5.146399765926780445e-02
1.174121811378956923e-02 5.132101462093605071e-02
1.195687694573444211e-02 5.212671614191776576e-02
1.246522009431146570e-02 5.217541453916338390e-02
1.270375849688229128e-02 5.229600580227354578e-02
1.316821659979482140e-02 5.228488585636570374e-02
1.347398296707387477e-02 5.285306628150706482e-02
1.338027319427617136e-02 5.250150613107597980e-02
1.356909786943578770e-02 5.318073829307904538e-02
1.352360910145235934e-02 5.343746369321131923e-02
1.376885253221611476e-02 5.396493021095025155e-02
1.323751236344787585e-02 5.474955946980672450e-02
1.318907487276529955e-02 5.492601469797048913e-02
1.293465102638133822e-02 5.534822976047813758e-02
1.299329279328758323e-02 5.567352032346910978e-02
1.297841404517244800e-02 5.610788023278535236e-02
1.280998720739797044e-02 5.588065808022302933e-02
1.257622928301356524e-02 5.581136595761052033e-02
1.218445737668716333e-02 5.527866799280526516e-02
1.184833284551634579e-02 5.518138604713603707e-02
1.157022683913885852e-02 5.479101906231437918e-02
1.191745487952016250e-02 5.398219873002482044e-02
1.181729006197091911e-02 5.301153185650733096e-02
1.144210002648567669e-02 5.254181889983920717e-02
1.124118938534469057e-02 5.211417556601592727e-02
1.076155568548223598e-02 5.147436651052444967e-02
1.082494162419910325e-02 5.136709271734039156e-02
1.066705741934538022e-02 5.136702572219421781e-02
1.052052353423676631e-02 5.128210126010186720e-02
1.073366328626772399e-02 5.136941549315363065e-02
1.084820906967366369e-02 5.155885363163153351e-02
1.091512380086461648e-02 5.207079308797746969e-02
1.124912633360123856e-02 5.289307986076658558e-02
1.181234324024609851e-02 5.325167949497280201e-02
1.177425587546876255e-02 5.314714792547366867e-02
1.226303389263508521e-02 5.340888006845528196e-02
1.193981508171868509e-02 5.339616721932045201e-02
1.268360720995744852e-02 5.319297926335824628e-02
1.308290649949306675e-02 5.323911644864925963e-02
1.325359858464006391e-02 5.305168109053488845e-02
1.359461313730308055e-02 5.256983202555548518e-02
1.377522789019441224e-02 5.260430123632060112e-02
1.408570233096775176e-02 5.245560155626143028e-02
1.428570562480297249e-02 5.249662089495137074e-02
1.499208164009774823e-02 5.339558923014012248e-02
1.521884210871797191e-02 5.395714046476177833e-02
1.543484205414777898e-02 5.484768239181394417e-02
1.556292959557785231e-02 5.532703224655786955e-02
1.573621784666875620e-02 5.570669623662984765e-02
1.565289523436020139e-02 5.557923193731269251e-02
1.580078348252474466e-02 5.575205985684798110e-02
1.563343012753497588e-02 5.552541943853629008e-02
1.566133849531305827e-02 5.546761303036258639e-02
1.537343975432410061e-02 5.563560065461665982e-02
1.489535479706823214e-02 5.557502164607684009e-02
1.491549183192005315e-02 5.581853859944016505e-02
1.558684644664244494e-02 5.573510966874747202e-02
1.533461117771993572e-02 5.647678879712370037e-02
1.546647260566816513e-02 5.633743431577718092e-02
1.547033117238660709e-02 5.697520189184554495e-02
1.533939009546040656e-02 5.746394355062121179e-02
1.547395161505289371e-02 5.790502502885746389e-02
1.502781782894551874e-02 5.798409677833544357e-02
1.515544618314701268e-02 5.766175733072740478e-02
1.533820061952665716e-02 5.748029036628725386e-02
1.525324078732608404e-02 5.667685835789697257e-02
1.469401201642848466e-02 5.609858954565126454e-02
1.463911771248895682e-02 5.505504818173620474e-02
1.461984922185358138e-02 5.518003948630986755e-02
1.461725856948536961e-02 5.462750097138351774e-02
1.455848759765436540e-02 5.431986508582517525e-02
1.452681304155815575e-02 5.419958882473770861e-02
1.458327496950027891e-02 5.406977178904503328e-02
1.470721245290822210e-02 5.385557332645103668e-02
1.483809340065043482e-02 5.368957142168476193e-02
1.479791919948766563e-02 5.310873806853308454e-02
1.509339411362924967e-02 5.244287247848868072e-02
1.470044864791779891e-02 5.272629149124088976e-02
1.414604758470407696e-02 5.226466622190819450e-02
1.403189430546973419e-02 5.235738251078362465e-02
1.425040584067289312e-02 5.217768155504132893e-02
1.426848319089883688e-02 5.179345773384042700e-02
1.427997618741874870e-02 5.165512024713517225e-02
1.392078795299973686e-02 5.170177924555228316e-02
1.342173684394329727e-02 5.093940028148449817e-02
1.312420817487045324e-02 5.094792198085384277e-02
1.272420356376488537e-02 5.088975854264650434e-02
1.290650214186731329e-02 5.063227497384140130e-02
1.348543237513688715e-02 5.027499027542341181e-02
1.384995494202527315e-02 4.982296819853397618e-02
1.360565131584307898e-02 4.951793264010873746e-02
1.369559313181723838e-02 4.902819187980538007e-02
1.363855113410018458e-02 4.907942777022714781e-02
1.359704899343293014e-02 4.903414238036604006e-02
1.373938642325979800e-02 4.943431229471270671e-02
1.374617748403949950e-02 5.010302039310182004e-02
1.413468514549541533e-02 5.039919636359441873e-02
1.443588398344552125e-02 5.056933823549902840e-02
1.408039972756604946e-02 5.094074351335931006e-02
1.396161119564847883e-02 5.132557278758929226e-02
1.403058894041667171e-02 5.174737963743608615e-02
1.379246665676617072e-02 5.228739089226605574e-02
1.390659372050853659e-02 5.244179722719857079e-02
1.427763114924325907e-02 5.280142633961366905e-02
1.442551159517804597e-02 5.287399415036696249e-02
1.432050232115838172e-02 5.260338993588508510e-02
1.426099232212487723e-02 5.274197459722900633e-02
1.436602874790409573e-02 5.272725896773064469e-02
1.413892508520433328e-02 5.277399744486153260e-02
1.359268359386953118e-02 5.266915004110187676e-02
1.357713676682781485e-02 5.219717173303149715e-02
1.334442652585505866e-02 5.134830037077958709e-02
1.278759980142503069e-02 5.118774130149115337e-02
1.222132561705767742e-02 5.128995300800947427e-02
1.261049709222123762e-02 5.139828582384577821e-02
1.288554056737486499e-02 5.201441896112753843e-02
1.265906722080966870e-02 5.258138764797291170e-02
1.250345819816769087e-02 5.295303843599619142e-02
1.231369257409949125e-02 5.291739036032980237e-02
1.286235993471005791e-02 5.284046952955098742e-02
1.267473711502207362e-02 5.325392820161823498e-02
1.292115348099249009e-02 5.473977193668177338e-02
1.341148627448974541e-02 5.490769755921672685e-02
1.444802831010547420e-02 5.525714340941362268e-02
1.355838925708068715e-02 5.566642175080727811e-02
1.376773983022316558e-02 5.576440943416537815e-02
1.326613000592564810e-02 5.577570706285220337e-02
1.382565068424585798e-02 5.550669783219194797e-02
1.416377112981801432e-02 5.619817387730664804e-02
1.419246856309876008e-02 5.644414343558636776e-02
1.393629264800077053e-02 5.639939858420275204e-02
1.437548099320900240e-02 5.630651043821322671e-02
1.429709022234413977e-02 5.639885638124956385e-02
1.376742191536803675e-02 5.597944596026491193e-02
1.464829355080103993e-02 5.568515209564894181e-02
1.402777514427743649e-02 5.521632464004327251e-02
1.497390400521200760e-02 5.471941415074271786e-02
1.437387810312791211e-02 5.507252018296280444e-02
1.416224875874800421e-02 5.458385675454416330e-02
1.393742355519648340e-02 5.471264805709823154e-02
1.417830075415899699e-02 5.493068105554301667e-02
1.379684266736203556e-02 5.451705843262117518e-02
1.396703249697220026e-02 5.463496281586278230e-02
1.355447815534855348e-02 5.464328561038819809e-02
1.280674220802754601e-02 5.474001994355828793e-02
1.328764949186052140e-02 5.494869692419847990e-02
1.250301596778511520e-02 5.512550585344453552e-02
1.283608368936722290e-02 5.459432963553090268e-02
1.319113549365874723e-02 5.435885917372990095e-02
1.345222213216521953e-02 5.386461142940048713e-02
1.358248191838911864e-02 5.382048909192168468e-02
1.375066626286277488e-02 5.410587509881025631e-02
1.393632271259276703e-02 5.354892031378249984e-02
1.432927213143395627e-02 5.355695057670693121e-02
1.497441707984076970e-02 5.359839435669561808e-02
1.499885137478278521e-02 5.386064831280332199e-02
1.559011703732647407e-02 5.376840848009166451e-02
1.545280247495711343e-02 5.406129669499477874e-02
1.598427392924471266e-02 5.459753874464444434e-02
1.562224703558097623e-02 5.461459213023720644e-02
1.526150293251886739e-02 5.516968436697757688e-02
1.517884194929363002e-02 5.560945507061480775e-02
1.516211948227226373e-02 5.627838870545875255e-02
1.537794455372580582e-02 5.631923868374813513e-02
1.503951555597423349e-02 5.735002142544710912e-02
1.507935759020884690e-02 5.741619390451392635e-02
1.504546595250515033e-02 5.784235335826733160e-02
1.456175881251677018e-02 5.860459000966435072e-02
1.411621435483030422e-02 5.843845910803276839e-02
1.400927168827707792e-02 5.898229283126484035e-02
1.468282039403661678e-02 5.864870693759720310e-02
1.441763467207575478e-02 5.784075046818624305e-02
1.436314806064841430e-02 5.725653157149878519e-02
1.389506681029661211e-02 5.704456100960420689e-02
1.411567797754200403e-02 5.632118778477092358e-02
1.377626298600871831e-02 5.588944942465273735e-02
1.313023940250164327e-02 5.581077590098150465e-02
1.373368642628918813e-02 5.541207821537494360e-02
1.347172853879328655e-02 5.568909066122983836e-02
1.418482206584859538e-02 5.550142144428221735e-02
1.378937614154491544e-02 5.569833640752051840e-02
1.415767020226766683e-02 5.557690083912103507e-02
1.388405630366481777e-02 5.583138502274843235e-02
1.384544015576947944e-02 5.589556762113827293e-02
1.372010159995680316e-02 5.564577351386183757e-02
1.421067938346839629e-02 5.609005036928727678e-02
1.461590763941053410e-02 5.573496818831456812e-02
1.396168661720278460e-02 5.549085576877624965e-02
1.437416574533158416e-02 5.497437895172310046e-02
1.351470009939793708e-02 5.503745841885515633e-02
1.380311513993728520e-02 5.469643689620021232e-02
1.351544307973017930e-02 5.526878392009079710e-02
1.364390398386151025e-02 5.543826249843639836e-02
1.375229942559532022e-02 5.573941816404850980e-02
1.336195220642238252e-02 5.613227894955967467e-02
1.271361073649936516e-02 5.602011825577530441e-02
1.251691475584288532e-02 5.617080948098716192e-02
1.264309012680433532e-02 5.609675737404506285e-02
1.225170854002519821e-02 5.646259955805953135e-02
1.229652059461444451e-02 5.647588457070982365e-02
1.197051233051564523e-02 5.675802817897122182e-02
1.172848622721411535e-02 5.664618373556630504e-02
1.171406885095189337e-02 5.677761656102659621e-02
1.179012384228724300e-02 5.665952950157896600e-02
1.196046409888710041e-02 5.648853042469850066e-02
1.216071144646909200e-02 5.636609034522534895e-02
1.298677096144932978e-02 5.665941714947048125e-02
1.302078202528316603e-02 5.650367632116048977e-02
1.365945091493296105e-02 5.655847377342130416e-02
1.375418787728548316e-02 5.666930330277954869e-02
1.371196408238065968e-02 5.665068739064098302e-02
1.383875759799825349e-02 5.673545331142467590e-02
1.332561254111040878e-02 5.636354244907619548e-02
1.339113681092909611e-02 5.612640168592900047e-02
1.328865847621257812e-02 5.609120093810196495e-02
1.389067519524123800e-02 5.573542966419720024e-02
1.312760162466570200e-02 5.558546206978780269e-02
1.347217534648398676e-02 5.589882416780873886e-02
1.317989341684779221e-02 5.555253166679004900e-02
1.348635688734811829e-02 5.543858998402668992e-02
1.363551003300072020e-02 5.520146961070659941e-02
1.326880450625630460e-02 5.532472361878790906e-02
1.374498447109492698e-02 5.548002627387479263e-02
1.339260831146109505e-02 5.570845017787900977e-02
1.354923661739840940e-02 5.549603062366940953e-02
1.300863395355292967e-02 5.583859095409169498e-02
1.344142447036116537e-02 5.577943174330804443e-02
1.297441254160486973e-02 5.533712104978115442e-02
1.283298984519460652e-02 5.552092826702922923e-02
1.227021168393636376e-02 5.536925333668971105e-02
1.237505783933926483e-02 5.553440635885854154e-02
1.255938499717827554e-02 5.503797315795959377e-02
1.226909783761638388e-02 5.491444659198546629e-02
1.211548004803788929e-02 5.465453080809105912e-02
1.202242503836131737e-02 5.457098952528988134e-02
1.231233352970570807e-02 5.440345047723191274e-02
1.155286365300992046e-02 5.487469516764575950e-02
1.119944625980770492e-02 5.477520446274743160e-02
1.065087757139612096e-02 5.464254658318569435e-02
1.125088121111797804e-02 5.461898717827366745e-02
1.086051568271254215e-02 5.473100763998187818e-02
1.106889430608687212e-02 5.483129021918558416e-02
1.090930032060440091e-02 5.483798182754332645e-02
1.096278970303918125e-02 5.455286921078540685e-02
1.094227587250500532e-02 5.449194191070927396e-02
1.026398902865918901e-02 5.441305991145897053e-02
1.062753590070914488e-02 5.401861579345596659e-02
1.105525788100836411e-02 5.423678777562015302e-02
1.157133454770476085e-02 5.411081609487020799e-02
1.151317256591365482e-02 5.394591399241032564e-02
1.150939441417656202e-02 5.371614019862857442e-02
1.132975587627231030e-02 5.357042575570380993e-02
1.152640462743133309e-02 5.347095003108663647e-02
1.141523169593408604e-02 5.353734138870554909e-02
1.173551624428381505e-02 5.344655256266905852e-02
1.196043049728428599e-02 5.380338452370173052e-02
1.216176537166454436e-02 5.322412534842563964e-02
1.231981992520127592e-02 5.306503018549890704e-02
1.238672935087599403e-02 5.320422404494218327e-02
1.223459658569440826e-02 5.308743610876380525e-02
1.232966165781561145e-02 5.258826859043939927e-02
1.236016796004300866e-02 5.250816985946606119e-02
1.212699395453355027e-02 5.255731059112398601e-02
1.234053453311450936e-02 5.259039662259794301e-02
1.205998226763415823e-02 5.290313953566543048e-02
1.221981656179311690e-02 5.229767235854943658e-02
1.229688355434269652e-02 5.271459938181760618e-02
1.243316062821395347e-02 5.313431107290056410e-02
1.215617314949429990e-02 5.258152538333554088e-02
1.214283237690868406e-02 5.298103408471781933e-02
1.216310953980692493e-02 5.311246358122674593e-02
1.224117188881392038e-02 5.352616485062453716e-02
1.283531875876193530e-02 5.366383280198698535e-02
1.312697110047168249e-02 5.361491011664330786e-02
1.349081393710371835e-02 5.361359518085508091e-02
1.346048115646609512e-02 5.378704686265193408e-02
1.294592347987347930e-02 5.311228797904237603e-02
1.269818666453914092e-02 5.276625055892184696e-02
1.261524667357782556e-02 5.327688215350119549e-02
1.238338947639173668e-02 5.304224184894622968e-02
1.236433455879221675e-02 5.313661553948132582e-02
1.225655955036861547e-02 5.271491022265107490e-02
1.199411376343863245e-02 5.221988059087039058e-02
1.138444066433545732e-02 5.227000585989380332e-02
1.098776073937355290e-02 5.168193370200414860e-02
1.099582554016836737e-02 5.182546976238101843e-02
1.091297792760736497e-02 5.207235353392868082e-02
1.112402345714205709e-02 5.226617257239977304e-02
1.140572119398033067e-02 5.210230244486230289e-02
1.180725733077215601e-02 5.212055009175639575e-02
1.182808023363440299e-02 5.200733412039008907e-02
1.221205074244255395e-02 5.227255458828079793e-02
1.202827078098376960e-02 5.255728562398877257e-02
1.271905814928533766e-02 5.277518213542769371e-02
1.266967471626713124e-02 5.322477241334674231e-02
1.269454624816467557e-02 5.287292930204985641e-02
1.323812135348776883e-02 5.321877031403998703e-02
1.268001995277505574e-02 5.272787940104084470e-02
1.257003670527101664e-02 5.274725015290088886e-02
1.229455006346724666e-02 5.266420321937705096e-02
1.230447408359807565e-02 5.276343634666368770e-02
1.237119479934242587e-02 5.303738490890820556e-02
1.279592363624774964e-02 5.322645436602269770e-02
1.230905565694058110e-02 5.315537709324200111e-02
1.245158418938160753e-02 5.256529133589690761e-02
1.238552489466111448e-02 5.195196700132734269e-02
1.143516519661900467e-02 5.177246619878571321e-02
1.174584863312007690e-02 5.143120832058404451e-02
1.117315009277155928e-02 5.120056109318852494e-02
1.146084025415169960e-02 5.133055914061154801e-02
1.127233536638235466e-02 5.144850680022086675e-02
1.063297124604642950e-02 5.121030451770793024e-02
1.097524133352179194e-02 5.155405952555047050e-02
1.103266491228878897e-02 5.148166482026803742e-02
1.115012082336401880e-02 5.204071892524884252e-02
1.093853537953020510e-02 5.296383547362187166e-02
1.135577360773589763e-02 5.335045946875519723e-02
1.191622098289166903e-02 5.394065341701959754e-02
1.226358779893290188e-02 5.411638792721336355e-02
1.226504619171891325e-02 5.438381798657098559e-02
1.258115883580319429e-02 5.478391383174983920e-02
1.298617580736353798e-02 5.480642295250696960e-02
1.225545225792163025e-02 5.478873456944180487e-02
1.248292158512262495e-02 5.477125591031247603e-02
1.227434811406385301e-02 5.521803197597337232e-02
1.263451100302399703e-02 5.554039431012201128e-02
1.292750054288420436e-02 5.555799197926254707e-02
1.254461464804188138e-02 5.597671871686110689e-02
1.268112464447879000e-02 5.681081119953875630e-02
1.223145790470812899e-02 5.663438260298588739e-02
1.226470851121506771e-02 5.574944829450402539e-02
1.190305237950933792e-02 5.532166306412891754e-02
1.210024426988911238e-02 5.439696401550187660e-02
1.175988146348505917e-02 5.410433462656721870e-02
1.190846088517626133e-02 5.333562774207805529e-02
1.182710505894462270e-02 5.297377613850950961e-02
1.228896044204025317e-02 5.248108467894211510e-02
1.196790097623114807e-02 5.219674063383004242e-02
1.212954549172325265e-02 5.186190638340142794e-02
1.230314250305303454e-02 5.208592650087184861e-02
1.235135050415105129e-02 5.284021611312851585e-02
1.247844945105616027e-02 5.285720957759672961e-02
1.251370679105636916e-02 5.345383173094230694e-02
1.259975602259035335e-02 5.333462115040978752e-02
1.239926826230214330e-02 5.334025664894775226e-02
1.250469583986646600e-02 5.393832980896848955e-02
1.213226815781893488e-02 5.435749347143339905e-02
1.256555728912345064e-02 5.448491033319362992e-02
1.209822354439715232e-02 5.463421713075756331e-02
1.190983964320389311e-02 5.475026354301992804e-02
1.170109660368508914e-02 5.437250620984087485e-02
1.161808129519919207e-02 5.470993662621339432e-02
1.167627968739583071e-02 5.445007618613539185e-02
1.183950888776626187e-02 5.492386169867673196e-02
1.192942771317007447e-02 5.520158737236104812e-02
1.154445362955582900e-02 5.467814971800870338e-02
1.161690430283305632e-02 5.425057171485590801e-02
1.171977618201847267e-02 5.395497414966256983e-02
1.228574249039965198e-02 5.336012216620406035e-02
1.254626872075017587e-02 5.289001348044270606e-02
1.273707079301917081e-02 5.290817249400676242e-02
1.307843759034824083e-02 5.287813078855390508e-02
1.292257796008649401e-02 5.271977257223506991e-02
1.315633234746007262e-02 5.325948172472887848e-02
1.301452890223771253e-02 5.375214239149615769e-02
1.274264408177854142e-02 5.381004159418908278e-02
1.301195218985333121e-02 5.465863041169408826e-02
1.237325542023587355e-02 5.489529679927211692e-02
1.231791025144617253e-02 5.490255391324258549e-02
1.254465990097446658e-02 5.549181034557948422e-02
1.239397606187345180e-02 5.544217568076312275e-02
1.221212013027251665e-02 5.531540962899428315e-02
1.243569978586577494e-02 5.564792859375020107e-02
1.254554727457206018e-02 5.520843294471931145e-02
1.310336706680544257e-02 5.460460319555480307e-02
1.442898067458706253e-02 5.484209391471397965e-02
1.428008479445695700e-02 5.379094423245970452e-02
1.463392257179843038e-02 5.377622028058293840e-02
1.497988176156193202e-02 5.388904593240197161e-02
1.513305971344164509e-02 5.396042572363773937e-02
1.556953298672448735e-02 5.466619337307101339e-02
1.590517055472879387e-02 5.542948738264458913e-02
1.593103577860808043e-02 5.613966297980085146e-02
1.576113390329077907e-02 5.641345050402320205e-02
1.570644641045465181e-02 5.689591417664791734e-02
1.515211712775468671e-02 5.699809509036612987e-02
1.501722271302593711e-02 5.777959721553636158e-02
1.490645414508951459e-02 5.790439752152559683e-02
1.429236883304440056e-02 5.803260168028310378e-02
1.413018377907479875e-02 5.768324571177298882e-02
1.346569637489452610e-02 5.734234153465359030e-02
1.357053712075146322e-02 5.667672644819922445e-02
1.371019401652332804e-02 5.653121548742650465e-02
1.393288213732979050e-02 5.640899303814868315e-02
1.361434684889137672e-02 5.651477129993310450e-02
1.360012868956225404e-02 5.653188710336390366e-02
1.342878121711574800e-02 5.646484243904009714e-02
1.344897848518128436e-02 5.640310828437745949e-02
1.368134251521233198e-02 5.697152464894664203e-02
1.373934481136776693e-02 5.679282820427800083e-02
1.397788331796832526e-02 5.656733544194855051e-02
1.397290601553259105e-02 5.631667788791244744e-02
1.396713850326715585e-02 5.552022793888630736e-02
1.360938525494488280e-02 5.503619092062383977e-02
1.328737339695688392e-02 5.441775581347483431e-02
1.280780591201762658e-02 5.398704485097092359e-02
1.244532820551857814e-02 5.389366859748786348e-02
1.169485445577615745e-02 5.384955042119825286e-02
1.160985217944571213e-02 5.287933420447149535e-02
1.125914007937425798e-02 5.254475337046534550e-02
1.126804408800164033e-02 5.260550631671385979e-02
1.114343821357792648e-02 5.285519223307099529e-02
1.084428470415094506e-02 5.316671924665329618e-02
1.094027564086986863e-02 5.326402574333883450e-02
1.083606812397993995e-02 5.332172146387970796e-02
1.073350323652799351e-02 5.358266131643704688e-02
1.124748880162002723e-02 5.342430226788036363e-02
1.192144795667960007e-02 5.291318672699668602e-02
1.207035756873408097e-02 5.300812259419312306e-02
1.251361586907227992e-02 5.338453045371356620e-02
1.287035243484246916e-02 5.344255449208258624e-02
1.321796673761156497e-02 5.345635465995623309e-02
1.321928250563763133e-02 5.329283365619291724e-02
1.370500355717065369e-02 5.345336526163261409e-02
1.458236429324314375e-02 5.388550684098461496e-02
1.502952672532156288e-02 5.385963464711340798e-02
1.492869726182683224e-02 5.457800529028655756e-02
1.543594185645419913e-02 5.548733290599677792e-02
1.529941563137939692e-02 5.573757850230176558e-02
1.545623025456329194e-02 5.623260563736893342e-02
1.547202935370045607e-02 5.660968011939972178e-02
1.505912214323237158e-02 5.696905623151125864e-02
1.558034053135289726e-02 5.757485713600134919e-02
1.530451797755069156e-02 5.807814423163697171e-02
1.549302921113356914e-02 5.829727120672330287e-02
1.593176013761863491e-02 5.838683289806374105e-02
1.658877071703851111e-02 5.794852152348010238e-02
1.708555595454405024e-02 5.750429543456294507e-02
1.757239095642678176e-02 5.766419786819511339e-02
1.713490432954321852e-02 5.724195659019547938e-02
1.682366412592675026e-02 5.683419417002856522e-02
1.660081195023595246e-02 5.680001041684280827e-02
1.612854995309164624e-02 5.641825418083943472e-02
1.594395845570849984e-02 5.638151337688826481e-02
1.545966417192354107e-02 5.626961400578586042e-02
1.523108058228364592e-02 5.662734561592427940e-02
1.461221385578454109e-02 5.678290876145528771e-02
1.376325157154854005e-02 5.683053149129187187e-02
1.319300261925424392e-02 5.698360333284689661e-02
1.305074331575466380e-02 5.691287768055387081e-02
1.253130217154284527e-02 5.688464484404767707e-02
1.282092905440791221e-02 5.723326553042558384e-02
1.302732695172149555e-02 5.743574525198538727e-02
1.313869410672480371e-02 5.737802747714172008e-02
1.335314713006830432e-02 5.719364559966468031e-02
1.386093174302452553e-02 5.692953367257772707e-02
1.476429106909026186e-02 5.706255607231365545e-02
1.583243359163438724e-02 5.764505764621693368e-02
1.674079539533054189e-02 5.844258367877103177e-02
1.737026025461140336e-02 5.931354263331378718e-02
1.808029499551313396e-02 6.021862042649073210e-02
1.809226434416708745e-02 6.017850115302544878e-02
1.797000153135399833e-02 6.064891818290676223e-02
1.815714009264845358e-02 6.094338015956653198e-02
1.818763099847579487e-02 6.110513016120494578e-02
1.744216362747866636e-02 6.073898421037864093e-02
1.665700974669339501e-02 6.034455424041893640e-02
1.620385811499474443e-02 6.019454378576073739e-02
1.575158189347472190e-02 5.851494134946955833e-02
1.536111608040948914e-02 5.756762457304717695e-02
1.550561701653285600e-02 5.662303920121782019e-02
1.581483529831546192e-02 5.652044008798468716e-02
1.644441292582373218e-02 5.611708728001645746e-02
1.688410935223368103e-02 5.583317017291664075e-02
1.656815868243913595e-02 5.499513038616077321e-02
1.683080972002656481e-02 5.448820308221016123e-02
1.697790442941005118e-02 5.363721617136731762e-02
1.666365069257258816e-02 5.263878542736685068e-02
1.683503083035434514e-02 5.245682161693582951e-02
1.711878450674821431e-02 5.208745698626081333e-02
1.677516255293044420e-02 5.197907257167837941e-02
1.658283436452115400e-02 5.161475171843662307e-02
1.597012827863746043e-02 5.178981336433621102e-02
1.545584607277010122e-02 5.163953700968793026e-02
1.549232638627713946e-02 5.251477866015866885e-02
1.533859385190636422e-02 5.270112753177207815e-02
1.532753934069874292e-02 5.348781283421387422e-02
1.556761072537204797e-02 5.503617427586701694e-02
1.531820163212665314e-02 5.705326455294173343e-02
1.515519848835969290e-02 5.898893034416292924e-02
nan nan
nan nan
nan nan
nan nan
